Level,Description,1,2,3,4,5,6,7,8,9,10,11,12
1,Aggregated,10102.0771484375,10143.5947265625,10195.2880859375,10268.7451171875,10276.955078125,10344.05859375,10368.447265625,10454.8134765625,10429.6953125,10480.0390625,10521.8515625,10569.7802734375
2,Clerical and Administrative Workers,1274.845703125,1281.63916015625,1287.7127685546875,1284.53759765625,1293.9306640625,1297.7772216796875,1307.392822265625,1313.8807373046875,1308.1441650390625,1318.8739013671875,1316.6591796875,1324.548583984375
2,Community and Personal Service Workers,873.6954345703125,876.0089721679688,884.7725219726562,887.55224609375,885.8538818359375,892.6602172851562,897.6253662109375,907.6571655273438,903.0333251953125,909.8760375976562,908.47900390625,907.8776245117188
2,Labourers,1140.7864990234375,1149.6148681640625,1151.20947265625,1149.8031005859375,1160.167236328125,1163.1036376953125,1171.141845703125,1172.5526123046875,1177.9400634765625,1181.483642578125,1179.7919921875,1187.6466064453125
2,Machinery Operators and Drivers,670.2230224609375,676.525634765625,682.6334838867188,688.9107055664062,684.4486694335938,690.755615234375,691.5993041992188,693.6138916015625,697.5730590820312,704.2371826171875,704.1806030273438,710.2421264648438
2,Managers,1281.8238525390625,1298.8248291015625,1304.7025146484375,1305.2252197265625,1308.1239013671875,1309.6192626953125,1318.47119140625,1326.2178955078125,1315.0867919921875,1330.126220703125,1320.8739013671875,1329.9674072265625
2,Professionals,2039.46630859375,2049.876708984375,2050.179443359375,2058.71630859375,2061.3994140625,2069.026611328125,2062.629638671875,2064.705078125,2071.87255859375,2056.63232421875,2076.85205078125,2068.046875
2,Sales Workers,1349.5067138671875,1352.543701171875,1364.919677734375,1375.922119140625,1376.4619140625,1368.70263671875,1392.1942138671875,1374.97509765625,1382.93408203125,1390.3795166015625,1390.593017578125,1393.0159912109375
2,Technicians and Trades Workers,1549.298583984375,1554.1822509765625,1563.98681640625,1564.9229736328125,1570.5662841796875,1582.9208984375,1577.2755126953125,1568.505859375,1569.4912109375,1582.6907958984375,1578.959228515625,1584.38720703125
3,Clerical and Administrative Workers-Full time,812.4445190429688,819.2299194335938,824.533447265625,826.7991333007812,824.390625,839.7607421875,840.8798217773438,847.0028076171875,844.8753662109375,854.9397583007812,861.9617919921875,864.614501953125
3,Clerical and Administrative Workers-Part time,477.3170166015625,488.7991638183594,493.8250427246094,497.3670349121094,490.4757385253906,504.67218017578125,508.8658142089844,515.1672973632812,508.6653137207031,520.4038696289062,526.1082763671875,532.8731689453125
3,Community and Personal Service Workers-Full time,441.75146484375,451.1827392578125,450.2246398925781,454.8286437988281,454.2366943359375,465.6513366699219,467.685546875,471.94189453125,466.63604736328125,480.11865234375,486.57135009765625,490.2293395996094
3,Community and Personal Service Workers-Part time,440.647216796875,450.1019287109375,458.5129699707031,462.2770690917969,458.54254150390625,468.922607421875,475.20782470703125,482.7484130859375,475.2744445800781,485.38946533203125,495.15716552734375,503.0870056152344
3,Labourers-Full time,684.112548828125,687.0969848632812,695.327880859375,697.3653564453125,697.3193359375,704.6701049804688,709.7034912109375,716.866455078125,713.5721435546875,725.5204467773438,731.9996337890625,734.9575805664062
3,Labourers-Part time,463.1565856933594,472.92041015625,479.2003479003906,492.27008056640625,489.4926452636719,495.2381896972656,502.9495544433594,512.0171508789062,508.67095947265625,516.7535400390625,517.4989624023438,527.0623168945312
3,Machinery Operators and Drivers-Full time,578.3966064453125,588.4664916992188,593.7857666015625,599.9237670898438,598.74267578125,604.9334106445312,614.914794921875,620.031982421875,614.4541015625,621.5638427734375,633.6767578125,643.1921997070312
3,Machinery Operators and Drivers-Part time,94.89708709716797,97.52442932128906,100.31236267089844,100.18215942382812,98.22239685058594,102.96713256835938,103.07673645019531,106.54750061035156,103.96031188964844,108.80961608886719,109.99130249023438,112.62174987792969
3,Managers-Full time,1161.02392578125,1167.1715087890625,1176.9493408203125,1172.95263671875,1183.734619140625,1185.3338623046875,1189.863525390625,1185.4163818359375,1199.0494384765625,1195.1427001953125,1201.1328125,1193.57666015625
3,Managers-Part time,152.66604614257812,160.13156127929688,161.37786865234375,161.77516174316406,159.8218994140625,164.55029296875,167.0508575439453,172.48150634765625,167.3944549560547,174.65594482421875,175.11358642578125,179.27740478515625
3,Professionals-Full time,1595.668701171875,1604.44482421875,1605.7786865234375,1608.3507080078125,1627.442138671875,1633.521484375,1625.625732421875,1620.34423828125,1633.96240234375,1627.467529296875,1634.6038818359375,1622.09130859375
3,Professionals-Part time,484.6848449707031,493.1974792480469,504.34368896484375,507.86767578125,502.8759460449219,510.4971923828125,516.4266967773438,522.9248046875,518.3580322265625,526.3483276367188,527.6748657226562,537.0433959960938
3,Sales Workers-Full time,730.6533813476562,743.2992553710938,740.7921752929688,754.4141235351562,750.0053100585938,759.7169799804688,762.2965087890625,768.4475708007812,764.1104125976562,767.7241821289062,776.1085815429688,783.9611206054688
3,Sales Workers-Part time,636.2930908203125,643.041015625,652.3330688476562,651.8605346679688,651.246337890625,660.5131225585938,665.1634521484375,667.774658203125,668.717529296875,681.1395263671875,678.6116943359375,683.9572143554688
3,Technicians and Trades Workers-Full time,1383.5426025390625,1387.6090087890625,1397.3695068359375,1395.0350341796875,1408.930908203125,1406.5264892578125,1410.7015380859375,1412.4205322265625,1412.651611328125,1421.9329833984375,1427.430419921875,1417.637939453125
3,Technicians and Trades Workers-Part time,186.68458557128906,194.69964599609375,198.50889587402344,201.27149963378906,199.63816833496094,204.77133178710938,210.56735229492188,214.33334350585938,210.9896697998047,214.8297882080078,217.3773956298828,222.5851287841797
4,Clerical and Administrative Workers-Full time-Females,623.3768920898438,629.1771850585938,638.7155151367188,643.1713256835938,648.1949462890625,657.4237060546875,662.9578857421875,669.5090942382812,670.6517944335938,677.2732543945312,679.8492431640625,683.7515258789062
4,Clerical and Administrative Workers-Full time-Males,192.9869842529297,192.41737365722656,198.3467559814453,199.6705780029297,202.3360137939453,202.44601440429688,204.24322509765625,206.83851623535156,209.8184051513672,210.94871520996094,214.9547119140625,215.3485870361328
4,Clerical and Administrative Workers-Part time-Females,452.3908996582031,459.4955749511719,465.3482360839844,465.2055969238281,467.8025207519531,472.35650634765625,478.1740417480469,481.00921630859375,484.20672607421875,486.8679504394531,492.18829345703125,495.519287109375
4,Clerical and Administrative Workers-Part time-Males,27.286197662353516,27.938627243041992,29.050819396972656,28.89757537841797,29.659711837768555,29.238468170166016,30.525251388549805,30.950855255126953,29.979551315307617,31.503555297851562,31.786781311035156,33.34493637084961
4,Community and Personal Service Workers-Full time-Females,249.6241912841797,251.9681854248047,253.71041870117188,261.734130859375,258.0981140136719,262.2763977050781,264.4587097167969,269.0494384765625,266.3926696777344,271.5157165527344,275.11053466796875,277.272216796875
4,Community and Personal Service Workers-Full time-Males,193.0762176513672,197.51060485839844,198.572998046875,200.60894775390625,202.4274139404297,204.58493041992188,205.22227478027344,211.36672973632812,210.4021759033203,217.0229034423828,219.81517028808594,222.85060119628906
4,Community and Personal Service Workers-Part time-Females,356.0162048339844,365.7273254394531,371.3951721191406,371.6800231933594,369.65081787109375,380.5733337402344,383.5433349609375,385.3299865722656,385.3433837890625,391.2009582519531,395.81182861328125,396.2237854003906
4,Community and Personal Service Workers-Part time-Males,85.3487548828125,87.11560821533203,90.27281188964844,90.5921630859375,90.49420166015625,93.068115234375,94.89810180664062,96.75202178955078,95.9826431274414,98.61424255371094,100.5081787109375,100.61129760742188
4,Labourers-Full time-Females,164.4042205810547,167.3604278564453,171.03176879882812,172.862060546875,172.22415161132812,174.10601806640625,179.48104858398438,182.0876007080078,182.09523010253906,184.07391357421875,185.09036254882812,187.61355590820312
4,Labourers-Full time-Males,516.2971801757812,526.0806884765625,522.8990478515625,528.1433715820312,534.6072998046875,539.9523315429688,546.6884765625,548.6806030273438,550.6897583007812,556.5767822265625,564.4922485351562,568.3590698242188
4,Labourers-Part time-Females,241.17503356933594,248.1305389404297,251.4423370361328,256.84075927734375,254.4918975830078,262.5997619628906,265.405029296875,268.73504638671875,266.65606689453125,271.2660827636719,273.3381042480469,279.7760314941406
4,Labourers-Part time-Males,229.390869140625,232.48704528808594,237.67166137695312,241.52157592773438,241.99671936035156,245.8455047607422,251.47471618652344,253.93643188476562,250.2437744140625,257.097900390625,259.80712890625,262.6838684082031
4,Machinery Operators and Drivers-Full time-Females,40.72403335571289,42.071929931640625,42.6461296081543,44.429588317871094,42.96116256713867,44.886741638183594,45.65135192871094,46.60417556762695,45.183570861816406,47.1235237121582,47.48377990722656,49.89165496826172
4,Machinery Operators and Drivers-Full time-Males,545.5240478515625,554.1158447265625,557.9149169921875,566.821044921875,572.1979370117188,578.6863403320312,580.8201904296875,589.3440551757812,583.0765380859375,594.5877075195312,598.0040283203125,601.0020751953125
4,Machinery Operators and Drivers-Part time-Females,24.85967445373535,26.16434669494629,26.136777877807617,26.132522583007812,25.83985137939453,26.56464385986328,26.687240600585938,27.948589324951172,27.51341438293457,27.994997024536133,28.752073287963867,30.08596420288086
4,Machinery Operators and Drivers-Part time-Males,67.39308166503906,69.3689193725586,69.33660888671875,70.1319351196289,69.47140502929688,72.57979583740234,72.62660217285156,75.74481201171875,74.10469818115234,76.59639739990234,78.75370025634766,80.94551086425781
4,Managers-Full time-Females,346.2669372558594,350.1585693359375,353.7797546386719,359.4922790527344,361.6647644042969,360.77276611328125,367.71246337890625,370.9403381347656,369.7626647949219,373.2545166015625,378.021484375,382.31414794921875
4,Managers-Full time-Males,828.508544921875,832.9747924804688,836.7316284179688,846.3009033203125,851.8931884765625,855.5015258789062,865.321044921875,868.2012329101562,871.7860717773438,871.2098388671875,884.3847045898438,884.19873046875
4,Managers-Part time-Females,100.03634643554688,102.0378646850586,102.75392150878906,105.80127716064453,104.27544403076172,104.77250671386719,107.79952239990234,110.6242446899414,109.07938385009766,109.71732330322266,113.21688842773438,114.0145263671875
4,Managers-Part time-Males,54.27484130859375,55.794376373291016,55.919734954833984,57.517417907714844,56.931941986083984,58.37493133544922,59.31879425048828,61.45482635498047,59.581626892089844,61.27785110473633,62.71506881713867,63.11748504638672
4,Professionals-Full time-Females,690.6962890625,699.6351928710938,699.2030639648438,705.9380493164062,716.064208984375,720.9652709960938,722.2474365234375,732.3194580078125,736.1871948242188,738.46923828125,740.8120727539062,742.419677734375
4,Professionals-Full time-Males,910.1563720703125,924.2822875976562,930.20068359375,938.5193481445312,933.3710327148438,948.7971801757812,950.5241088867188,956.203125,960.5768432617188,966.3182373046875,972.8171997070312,975.4014892578125
4,Professionals-Part time-Females,367.1274108886719,377.24029541015625,381.20281982421875,380.7228698730469,383.6881103515625,391.3682861328125,395.135986328125,396.2637939453125,401.4969177246094,401.67236328125,406.25030517578125,408.4367980957031
4,Professionals-Part time-Males,117.24554443359375,122.27000427246094,124.95380401611328,126.08203887939453,126.24295806884766,129.3922882080078,129.66775512695312,133.4521484375,132.57058715820312,133.8506317138672,136.60140991210938,137.46023559570312
4,Sales Workers-Full time-Females,320.0176086425781,324.5715637207031,330.7550964355469,335.6471252441406,334.14129638671875,338.7170104980469,341.8065490722656,347.0322265625,343.95947265625,348.0663146972656,352.2449951171875,353.28875732421875
4,Sales Workers-Full time-Males,413.95281982421875,416.70672607421875,419.8853454589844,428.2402648925781,428.25848388671875,433.5758361816406,433.7846374511719,439.61151123046875,442.33172607421875,446.484375,452.2532653808594,459.4728698730469
4,Sales Workers-Part time-Females,480.0693359375,489.62078857421875,492.2002868652344,495.07275390625,496.82720947265625,504.5069885253906,507.032958984375,512.4926147460938,511.3687744140625,521.8143920898438,524.3179931640625,528.258056640625
4,Sales Workers-Part time-Males,153.9655303955078,162.52085876464844,162.01710510253906,166.40322875976562,165.76620483398438,169.39773559570312,171.7603759765625,175.71701049804688,172.42172241210938,179.74720764160156,178.27740478515625,180.9641571044922
4,Technicians and Trades Workers-Full time-Females,136.81497192382812,138.3783721923828,140.40969848632812,145.42886352539062,143.3871612548828,146.93565368652344,147.60812377929688,150.93246459960938,151.6194610595703,153.04840087890625,155.89317321777344,161.0029296875
4,Technicians and Trades Workers-Full time-Males,1242.9752197265625,1263.2186279296875,1267.229736328125,1274.2867431640625,1282.52001953125,1297.316162109375,1303.4779052734375,1309.0357666015625,1309.942138671875,1321.5142822265625,1324.0069580078125,1326.0401611328125
4,Technicians and Trades Workers-Part time-Females,81.61543273925781,84.30148315429688,87.09638977050781,87.63970184326172,86.40179443359375,88.85366821289062,90.12881469726562,93.02645111083984,91.23574829101562,91.51911926269531,95.21260070800781,98.09793090820312
4,Technicians and Trades Workers-Part time-Males,106.76118469238281,111.32627868652344,112.46782684326172,113.87071228027344,113.61705017089844,116.13725280761719,118.66360473632812,119.06419372558594,119.26668548583984,120.66075897216797,123.172119140625,125.31096649169922
