Level,Description,1,2,3,4,5,6,7,8,9,10,11,12
1,Aggregated,9509.7490234375,9559.6865234375,9614.6767578125,9704.6123046875,9710.798828125,9772.787109375,9807.9111328125,9895.5244140625,9861.7607421875,9900.201171875,9936.3720703125,9981.8583984375
2,Clerical and Administrative Workers,1226.9842529296875,1243.559326171875,1250.95263671875,1271.86865234375,1259.31591796875,1278.7630615234375,1297.5692138671875,1300.8170166015625,1304.428466796875,1308.3275146484375,1308.776611328125,1318.42431640625
2,Community and Personal Service Workers,803.3932495117188,800.11376953125,815.1217651367188,824.2621459960938,818.5648193359375,824.9056396484375,835.5335693359375,843.0484008789062,841.9371337890625,846.5784301757812,849.6571655273438,856.91796875
2,Labourers,1101.3555908203125,1108.1507568359375,1123.9320068359375,1118.9512939453125,1127.1241455078125,1139.9320068359375,1145.79736328125,1148.259033203125,1154.5380859375,1160.0078125,1165.6361083984375,1175.056884765625
2,Machinery Operators and Drivers,645.7088623046875,657.276123046875,663.1390380859375,673.8010864257812,669.2237548828125,677.4677734375,678.9422607421875,687.9812622070312,689.7852783203125,691.8567504882812,699.3219604492188,704.181640625
2,Managers,1143.4754638671875,1162.69970703125,1169.1669921875,1173.7574462890625,1181.00732421875,1178.6900634765625,1195.9886474609375,1216.3524169921875,1201.3438720703125,1216.104248046875,1211.609619140625,1220.8822021484375
2,Professionals,1829.994384765625,1850.9915771484375,1844.605712890625,1856.813232421875,1860.2733154296875,1866.7542724609375,1885.940185546875,1892.7520751953125,1875.9259033203125,1875.1280517578125,1897.3306884765625,1896.6978759765625
2,Sales Workers,1282.6585693359375,1287.997314453125,1307.841064453125,1311.780029296875,1310.3155517578125,1316.2572021484375,1324.1014404296875,1329.63720703125,1332.294677734375,1336.3458251953125,1330.61865234375,1340.3577880859375
2,Technicians and Trades Workers,1402.0169677734375,1420.2890625,1418.9266357421875,1439.41845703125,1428.5435791015625,1451.2701416015625,1449.8800048828125,1455.1300048828125,1451.11865234375,1461.4052734375,1467.243896484375,1479.8638916015625
3,Clerical and Administrative Workers-Full time,765.46875,770.838623046875,781.2993774414062,781.8580322265625,779.1581420898438,793.1278686523438,798.1666259765625,796.6263427734375,792.0213012695312,809.6338500976562,802.1570434570312,816.4070434570312
3,Clerical and Administrative Workers-Part time,467.3897399902344,477.6890563964844,480.66839599609375,481.0740051269531,476.9007263183594,485.2909851074219,499.1038818359375,495.6912536621094,491.941162109375,502.77386474609375,515.5137939453125,511.10089111328125
3,Community and Personal Service Workers-Full time,397.3447265625,400.4873962402344,407.6972961425781,414.1069030761719,409.28717041015625,415.0976257324219,423.7972412109375,425.1313171386719,419.07208251953125,427.2297668457031,441.8844909667969,440.73101806640625
3,Community and Personal Service Workers-Part time,397.94244384765625,411.2991943359375,413.6270751953125,418.03436279296875,416.1356506347656,422.0682678222656,430.7730407714844,434.8399353027344,425.1802673339844,436.7089538574219,446.207763671875,451.67999267578125
3,Labourers-Full time,640.2303466796875,650.1854858398438,654.2717895507812,660.4130249023438,657.16162109375,661.9765014648438,665.6768798828125,678.1544799804688,666.9583740234375,683.8330078125,688.766845703125,693.2058715820312
3,Labourers-Part time,452.2300109863281,461.9447937011719,466.24749755859375,472.1983337402344,468.2613525390625,478.6717224121094,482.22216796875,485.1061096191406,480.7232666015625,495.3077087402344,499.6662902832031,501.244384765625
3,Machinery Operators and Drivers-Full time,533.779541015625,548.661376953125,550.0643310546875,548.9713134765625,542.0826416015625,558.7738037109375,563.4356079101562,562.3082275390625,560.3421630859375,568.260986328125,580.9744873046875,577.9135131835938
3,Machinery Operators and Drivers-Part time,95.50064849853516,98.81773376464844,100.17683410644531,102.76116943359375,98.17214965820312,101.58748626708984,105.89034271240234,107.32300567626953,104.01197052001953,108.6229019165039,110.85391998291016,112.59593200683594
3,Managers-Full time,1009.1812133789062,1022.212158203125,1025.8626708984375,1016.398681640625,1014.232666015625,1030.063720703125,1031.11962890625,1031.3697509765625,1034.715087890625,1045.3955078125,1054.4854736328125,1044.7542724609375
3,Managers-Part time,128.26133728027344,133.5557403564453,134.28619384765625,135.18914794921875,132.13990783691406,136.65164184570312,139.84776306152344,143.1967010498047,139.15585327148438,143.34275817871094,145.961181640625,150.30255126953125
3,Professionals-Full time,1424.1279296875,1429.3172607421875,1435.8758544921875,1434.010009765625,1436.85693359375,1444.524169921875,1435.9197998046875,1435.334228515625,1425.99072265625,1445.1390380859375,1451.3226318359375,1435.7694091796875
3,Professionals-Part time,410.6573181152344,424.0180358886719,434.81634521484375,435.7473449707031,429.5753479003906,439.4492492675781,445.5992431640625,454.9454040527344,448.0296936035156,458.6125793457031,469.34136962890625,475.3202209472656
3,Sales Workers-Full time,676.4411010742188,690.8690795898438,693.2335815429688,693.9966430664062,695.7352905273438,707.1390991210938,714.469970703125,715.0371704101562,709.6378173828125,720.0374755859375,725.2723999023438,732.6123046875
3,Sales Workers-Part time,605.2593994140625,613.323974609375,625.56396484375,626.781982421875,619.7075805664062,630.8743896484375,642.8444213867188,643.1919555664062,643.6088256835938,649.90234375,659.48779296875,659.2962646484375
3,Technicians and Trades Workers-Full time,1242.426513671875,1254.8133544921875,1261.0009765625,1255.3648681640625,1256.101318359375,1266.518310546875,1264.986083984375,1265.937255859375,1258.79833984375,1265.4058837890625,1270.541259765625,1265.3829345703125
3,Technicians and Trades Workers-Part time,153.37255859375,160.57252502441406,162.5725860595703,163.6801300048828,161.10755920410156,166.5039825439453,171.16647338867188,175.32720947265625,169.41127014160156,172.93760681152344,177.21568298339844,183.21783447265625
4,Clerical and Administrative Workers-Full time-Females,594.1364135742188,604.163330078125,606.9485473632812,612.5492553710938,611.57958984375,625.5886840820312,628.9506225585938,632.5143432617188,638.940185546875,642.0973510742188,642.2669067382812,649.5926513671875
4,Clerical and Administrative Workers-Full time-Males,180.5012969970703,184.45864868164062,188.7882843017578,191.34239196777344,187.86044311523438,193.31878662109375,195.86575317382812,201.7219696044922,196.36390686035156,202.88803100585938,207.97500610351562,212.10263061523438
4,Clerical and Administrative Workers-Part time-Females,441.7275085449219,451.1274719238281,452.3972473144531,457.48590087890625,461.2906188964844,468.9657897949219,469.49798583984375,474.7382507324219,475.6315612792969,482.4544982910156,483.3331298828125,493.3759460449219
4,Clerical and Administrative Workers-Part time-Males,26.98365020751953,27.95246124267578,28.35723304748535,29.25227165222168,28.892005920410156,29.037904739379883,28.98908233642578,30.58567237854004,30.224525451660156,30.964054107666016,31.720277786254883,32.60603713989258
4,Community and Personal Service Workers-Full time-Females,218.49041748046875,223.20155334472656,223.40194702148438,226.6637725830078,226.4492950439453,232.64210510253906,237.12025451660156,238.580322265625,238.11935424804688,244.9805908203125,249.61111450195312,253.47296142578125
4,Community and Personal Service Workers-Full time-Males,184.79891967773438,189.03192138671875,191.59361267089844,195.6265869140625,196.20672607421875,199.6562042236328,200.9229736328125,207.25872802734375,204.77316284179688,211.88697814941406,211.35183715820312,213.88616943359375
4,Community and Personal Service Workers-Part time-Females,327.9449768066406,335.2335205078125,337.9326171875,342.7518005371094,340.5611267089844,346.34600830078125,354.4872741699219,353.61602783203125,355.2353210449219,359.3550109863281,362.6162109375,364.8866271972656
4,Community and Personal Service Workers-Part time-Males,77.14763641357422,79.34895324707031,81.96435546875,83.04918670654297,82.12291717529297,84.87519073486328,86.8675537109375,86.42056274414062,87.07308959960938,88.66141510009766,92.73961639404297,93.9872817993164
4,Labourers-Full time-Females,153.11746215820312,156.82992553710938,158.21279907226562,160.980712890625,159.93666076660156,164.8658447265625,167.74000549316406,171.8586883544922,170.21939086914062,174.00234985351562,176.13616943359375,179.85325622558594
4,Labourers-Full time-Males,501.17279052734375,506.1077880859375,513.573486328125,517.2273559570312,518.9361572265625,529.06494140625,531.530029296875,538.8378295898438,540.0699462890625,545.325439453125,554.2759399414062,551.2783813476562
4,Labourers-Part time-Females,237.42274475097656,244.45103454589844,246.1739959716797,248.95526123046875,248.2637481689453,255.25794982910156,257.5068664550781,259.1053771972656,258.7980651855469,261.73394775390625,267.9425964355469,271.23583984375
4,Labourers-Part time-Males,220.31504821777344,223.40147399902344,229.3848114013672,231.62489318847656,231.16969299316406,237.70814514160156,237.96104431152344,242.21661376953125,242.5240936279297,248.45614624023438,249.19158935546875,255.96673583984375
4,Machinery Operators and Drivers-Full time-Females,42.6987190246582,44.09401321411133,44.301883697509766,46.118629455566406,44.68863296508789,46.77035903930664,47.09053039550781,47.8833122253418,48.31732177734375,49.1912841796875,49.40299987792969,50.76629638671875
4,Machinery Operators and Drivers-Full time-Males,501.1030578613281,511.1009826660156,513.3406982421875,515.028564453125,517.6528930664062,530.1175537109375,528.7943115234375,532.9973754882812,534.8384399414062,543.9822387695312,549.0969848632812,550.9769287109375
4,Machinery Operators and Drivers-Part time-Females,29.064830780029297,29.504901885986328,31.42368507385254,32.029518127441406,31.54730796813965,32.21786117553711,33.8331413269043,34.96577072143555,33.66303253173828,34.93444061279297,36.08302688598633,37.41532897949219
4,Machinery Operators and Drivers-Part time-Males,67.5595703125,70.89033508300781,72.03565979003906,72.90380096435547,71.42842864990234,74.29385375976562,77.10277557373047,77.11405181884766,77.12516021728516,80.18048858642578,81.8252182006836,84.77479553222656
4,Managers-Full time-Females,286.003173828125,288.72357177734375,290.81671142578125,295.69281005859375,296.4629821777344,297.94903564453125,305.6842041015625,308.8430480957031,310.4155578613281,312.6563415527344,317.1138000488281,323.22576904296875
4,Managers-Full time-Males,749.479736328125,759.0446166992188,756.3607788085938,763.0489501953125,761.5198364257812,774.789794921875,780.5214233398438,787.7431030273438,786.9255981445312,802.6763916015625,797.5293579101562,801.3880615234375
4,Managers-Part time-Females,85.96485137939453,88.18706512451172,89.75507354736328,92.08482360839844,90.86016845703125,93.6688461303711,95.0819320678711,97.97068786621094,96.83937072753906,100.03898620605469,101.7386703491211,103.83882904052734
4,Managers-Part time-Males,44.6649169921875,46.09265899658203,46.220176696777344,47.79182434082031,46.87043380737305,49.269683837890625,50.193992614746094,51.71583557128906,50.989173889160156,52.60589599609375,54.524375915527344,56.16513442993164
4,Professionals-Full time-Females,613.2639770507812,622.1649780273438,623.5971069335938,626.0892333984375,635.179931640625,644.361572265625,645.3876342773438,649.7257690429688,648.8973388671875,658.6659545898438,663.0670166015625,667.0379028320312
4,Professionals-Full time-Males,844.7119750976562,857.2706909179688,859.0357055664062,859.0872802734375,861.1438598632812,874.93408203125,877.1776733398438,878.4572143554688,880.374267578125,898.8336181640625,898.603759765625,899.0006713867188
4,Professionals-Part time-Females,312.08935546875,319.8017883300781,324.1634216308594,324.809814453125,328.906982421875,334.7466735839844,336.3002624511719,340.45458984375,344.77398681640625,347.5732116699219,350.1256103515625,355.4777526855469
4,Professionals-Part time-Males,103.5335464477539,107.89989471435547,109.25285339355469,110.38256072998047,110.54022979736328,115.047119140625,117.24622344970703,118.59232330322266,116.90782928466797,121.13156127929688,121.76837158203125,126.40352630615234
4,Sales Workers-Full time-Females,292.760986328125,297.50030517578125,298.1180725097656,302.1133117675781,303.9875793457031,307.2043151855469,312.1748962402344,316.5745544433594,314.57415771484375,321.0611877441406,323.21258544921875,332.6277770996094
4,Sales Workers-Full time-Males,396.0975341796875,402.5363464355469,407.1170654296875,408.6724548339844,413.4256896972656,420.4927978515625,422.09814453125,425.2201232910156,426.47979736328125,435.6259765625,437.9684753417969,446.3509216308594
4,Sales Workers-Part time-Females,461.71649169921875,472.47283935546875,472.0754089355469,477.9893798828125,480.1725769042969,485.5989074707031,488.02984619140625,488.3338623046875,491.0411682128906,500.6786804199219,502.6313171386719,509.413330078125
4,Sales Workers-Part time-Males,149.7842254638672,156.61744689941406,159.15025329589844,161.65138244628906,161.31349182128906,165.4486846923828,169.08583068847656,171.00491333007812,168.52542114257812,172.94204711914062,177.0126495361328,179.1294403076172
4,Technicians and Trades Workers-Full time-Females,121.57070922851562,122.23092651367188,124.70507049560547,128.14675903320312,126.80958557128906,129.11953735351562,132.6720428466797,136.03729248046875,133.86070251464844,138.25193786621094,141.31678771972656,145.0663604736328
4,Technicians and Trades Workers-Full time-Males,1142.2430419921875,1167.5284423828125,1165.6610107421875,1172.0885009765625,1169.0413818359375,1188.105224609375,1195.177734375,1194.822509765625,1194.8990478515625,1211.4893798828125,1204.0386962890625,1217.7178955078125
4,Technicians and Trades Workers-Part time-Females,69.1723861694336,71.79312896728516,74.36920928955078,76.10208892822266,75.4251708984375,77.0644760131836,79.2727279663086,80.3705825805664,80.41448974609375,82.8388671875,84.03834533691406,87.63745880126953
4,Technicians and Trades Workers-Part time-Males,86.23271179199219,89.61640930175781,91.7094955444336,92.1163101196289,92.45568084716797,94.37812805175781,96.40910339355469,99.09744262695312,97.5543212890625,99.1872329711914,101.10073852539062,104.04821014404297
