Level,Description,1,2,3,4,5,6,7,8,9,10,11,12,13,14,15,16,17,18,19,20,21,22,23,24,25,26,27,28,29,30,31,32
1,Aggregated,26049.119140625,26739.662109375,26669.48828125,26762.8984375,26528.92578125,26972.017578125,27319.8046875,27620.77734375,27771.287109375,28688.189453125,28956.294921875,29081.478515625,29078.982421875,29485.630859375,29134.0859375,28557.26953125,29154.994140625,29597.0625,29673.9453125,29670.869140625,29777.318359375,30179.90625,30217.08984375,30112.857421875,29732.125,30193.576171875,30233.072265625,30226.732421875,30435.93359375,30815.392578125,30787.529296875,30811.5234375
2,ACT,173.8641815185547,170.09942626953125,169.72918701171875,181.6787567138672,185.7281036376953,182.4968719482422,175.83445739746094,185.8125,171.618408203125,178.22390747070312,174.5949249267578,182.75303649902344,191.33120727539062,201.05169677734375,200.6836395263672,209.2899627685547,222.56170654296875,234.16079711914062,234.46112060546875,246.19541931152344,250.12705993652344,262.62896728515625,261.8710021972656,275.66900634765625,286.4386901855469,303.838134765625,303.6360168457031,311.6781921386719,328.84954833984375,342.4267272949219,341.4664001464844,355.7671203613281
2,NSW,9415.7353515625,9638.6044921875,9581.3232421875,9484.2353515625,9361.7685546875,9476.8232421875,9630.841796875,9726.822265625,9933.0146484375,10019.3359375,9971.384765625,9841.03125,9724.224609375,9781.5390625,9761.369140625,9693.76171875,10055.6767578125,10136.78125,10071.91796875,10058.7919921875,10067.767578125,10145.5166015625,10088.95703125,10150.8046875,9590.9931640625,9652.529296875,9624.470703125,9620.1396484375,9602.1640625,9764.0068359375,9776.1171875,9849.7197265625
2,NT,822.6304931640625,857.9327392578125,859.2742919921875,891.6124267578125,904.68408203125,914.259765625,900.9845581054688,914.3792724609375,980.5161743164062,1015.0546264648438,1008.3043212890625,1029.234619140625,1036.8223876953125,1051.1097412109375,1045.770263671875,1052.1524658203125,1171.523681640625,1209.161376953125,1226.8934326171875,1255.328857421875,1264.3966064453125,1316.31396484375,1309.0894775390625,1342.47900390625,1496.6217041015625,1569.96484375,1580.3427734375,1641.7042236328125,1706.0908203125,1761.411376953125,1764.7794189453125,1805.562255859375
2,QLD,5649.57861328125,5778.6123046875,5808.07861328125,5805.927734375,5739.54541015625,5832.41748046875,5897.140625,6005.46826171875,5618.16796875,5734.87255859375,5714.78173828125,5720.04052734375,5656.67041015625,5760.080078125,5785.66064453125,5841.75732421875,5557.46875,5639.4306640625,5648.49072265625,5676.7900390625,5652.6572265625,5794.85888671875,5800.71337890625,5885.607421875,5713.28662109375,5799.986328125,5788.94921875,5885.56201171875,5937.1435546875,6055.8212890625,6113.4775390625,6241.64013671875
2,SA,1668.0860595703125,1731.6214599609375,1757.2431640625,1803.1494140625,1812.536376953125,1822.6136474609375,1839.0975341796875,1894.4959716796875,1970.78466796875,2027.4012451171875,2047.573974609375,2089.409912109375,2106.551025390625,2163.426025390625,2162.3818359375,2213.29833984375,1997.093994140625,2051.357666015625,2071.408935546875,2098.729736328125,2127.884765625,2186.9599609375,2194.375732421875,2243.583251953125,2208.469970703125,2278.2275390625,2293.707763671875,2352.8251953125,2398.30517578125,2441.823974609375,2471.0859375,2527.743896484375
2,TAS,546.0638427734375,562.262451171875,573.8306884765625,591.9799194335938,599.4728393554688,591.5469360351562,584.3016357421875,599.6734619140625,517.0226440429688,532.6991577148438,532.717041015625,530.6600341796875,531.6370849609375,548.250732421875,542.8666381835938,553.0577392578125,484.13262939453125,500.23895263671875,502.1994323730469,509.754150390625,498.6891784667969,514.50732421875,509.5047912597656,513.7059936523438,495.6246337890625,512.831298828125,510.7896728515625,523.6620483398438,532.9048461914062,551.3412475585938,546.8350219726562,557.669189453125
2,VIC,3993.398193359375,4097.36328125,4151.2314453125,4200.61181640625,4150.12841796875,4150.98681640625,4201.7890625,4299.85205078125,4353.08544921875,4447.0498046875,4487.10791015625,4527.9814453125,4535.25732421875,4634.92333984375,4651.45751953125,4729.58056640625,4622.76513671875,4694.81298828125,4695.85888671875,4761.61865234375,4829.18505859375,4924.75390625,4971.24169921875,5071.1904296875,5061.67041015625,5147.060546875,5194.92919921875,5281.6318359375,5384.3935546875,5449.3408203125,5508.30078125,5649.525390625
2,WA,3635.24267578125,3765.54345703125,3774.61865234375,3798.8427734375,3780.08203125,3825.208740234375,3875.155517578125,3987.631591796875,3945.553955078125,4011.834716796875,4037.0263671875,4106.64794921875,4144.52392578125,4208.0595703125,4213.50146484375,4303.72412109375,4660.1083984375,4763.76953125,4805.9072265625,4886.79833984375,4988.32275390625,5115.29931640625,5135.77587890625,5226.9755859375,4998.603515625,5091.5986328125,5111.02099609375,5208.771484375,5262.3701171875,5423.05908203125,5469.4130859375,5566.47216796875
3,ACT-Female,12.204488754272461,12.581226348876953,12.793672561645508,12.661532402038574,13.313920974731445,11.93120288848877,12.326566696166992,12.09658145904541,13.27211856842041,13.107149124145508,11.640141487121582,11.769824028015137,12.032391548156738,11.741100311279297,11.816848754882812,12.442621231079102,13.328675270080566,14.40092945098877,14.663122177124023,13.895630836486816,14.713313102722168,16.56455421447754,15.724170684814453,15.937049865722656,13.33752727508545,13.529815673828125,13.27090835571289,13.527761459350586,13.164546966552734,12.711573600769043,12.641799926757812,13.588985443115234
3,ACT-Male,170.60548400878906,178.56166076660156,176.75843811035156,185.05487060546875,187.94444274902344,187.84263610839844,194.75466918945312,196.16653442382812,160.5615692138672,163.1587371826172,164.23773193359375,170.95724487304688,172.3514404296875,181.05783081054688,179.93692016601562,185.1158447265625,208.0127716064453,214.56846618652344,215.5028839111328,216.4254150390625,224.40469360351562,235.75035095214844,243.70883178710938,255.08477783203125,262.6241760253906,272.357421875,274.6166687011719,280.80902099609375,288.2818908691406,307.2765197753906,309.75482177734375,318.94818115234375
3,NSW-Female,689.5585327148438,714.8961791992188,703.8743286132812,707.6963500976562,705.2035522460938,711.5081787109375,729.0921630859375,739.4899291992188,726.2926025390625,748.0431518554688,745.6685791015625,749.0767822265625,739.3368530273438,752.9346313476562,769.6927490234375,777.7072143554688,737.100341796875,753.2789306640625,749.4326782226562,757.8636474609375,760.5913696289062,788.6689453125,792.3385620117188,803.8338012695312,641.4547119140625,664.4163818359375,663.7131958007812,677.1900024414062,672.06982421875,697.9314575195312,691.13525390625,705.5706787109375
3,NSW-Male,8597.6591796875,8728.3662109375,8634.53125,8514.078125,8404.7490234375,8452.712890625,8510.240234375,8470.0654296875,9034.6064453125,9017.1552734375,8836.6337890625,8768.34765625,8587.25390625,8545.53125,8395.3916015625,8312.197265625,9192.3984375,9217.3876953125,8981.734375,8924.7724609375,8852.361328125,8878.201171875,8717.361328125,8645.8056640625,8946.302734375,8907.5576171875,8687.638671875,8630.998046875,8533.5498046875,8507.0771484375,8391.9140625,8394.6259765625
3,NT-Female,29.480297088623047,32.998687744140625,34.01533508300781,36.3133430480957,36.49534606933594,38.043701171875,39.167015075683594,40.244850158691406,48.83749771118164,51.18366622924805,51.941585540771484,54.25442123413086,53.140625,57.46000289916992,60.253414154052734,63.29547882080078,48.14459991455078,51.788578033447266,54.811058044433594,55.72689437866211,57.90994644165039,63.215911865234375,66.16986083984375,67.06459045410156,89.90486145019531,92.70170593261719,93.70811462402344,91.96231842041016,96.50776672363281,103.03643035888672,109.17784881591797,115.0349349975586
3,NT-Male,780.1512451171875,812.617919921875,800.0468139648438,806.9116821289062,803.6922607421875,819.059814453125,831.6784057617188,843.5442504882812,928.35595703125,949.4324951171875,938.9431762695312,947.7348022460938,952.688720703125,976.9089965820312,962.2088623046875,977.9365844726562,1109.262451171875,1132.6123046875,1125.2462158203125,1149.0367431640625,1173.0438232421875,1191.7965087890625,1189.408447265625,1213.6595458984375,1362.9600830078125,1394.046630859375,1391.908203125,1415.3048095703125,1419.705078125,1431.9716796875,1460.2974853515625,1490.724365234375
3,QLD-Female,409.35552978515625,421.401123046875,415.0108947753906,417.95159912109375,409.80694580078125,412.29632568359375,419.37078857421875,422.55133056640625,446.1590576171875,458.8398742675781,457.6341857910156,461.2470703125,464.89532470703125,475.9659118652344,476.48284912109375,485.974853515625,407.7556457519531,424.5704040527344,429.7647705078125,429.58648681640625,426.8731994628906,450.94696044921875,448.8259582519531,450.983154296875,470.85430908203125,494.50262451171875,499.34356689453125,509.2402038574219,511.02301025390625,528.449951171875,536.7587890625,553.4112548828125
3,QLD-Male,5136.72265625,5280.26416015625,5219.37255859375,5184.5615234375,5109.37109375,5194.255859375,5229.40625,5233.1787109375,5081.681640625,5135.02978515625,5067.2236328125,5037.89599609375,4984.12890625,5022.7841796875,4977.12451171875,4919.93896484375,5074.07763671875,5111.00048828125,5020.767578125,4982.697265625,4960.40625,5003.37255859375,4927.53271484375,4953.3251953125,5185.68603515625,5190.64404296875,5130.3740234375,5138.54541015625,5151.1005859375,5181.919921875,5163.46875,5248.90625
3,SA-Female,104.7116470336914,109.67887878417969,108.58544158935547,113.40110778808594,115.58607482910156,116.03917694091797,120.8026351928711,124.24641418457031,119.95049285888672,127.01542663574219,128.54812622070312,130.65846252441406,131.52549743652344,142.81753540039062,148.1559295654297,152.84121704101562,130.56320190429688,136.20608520507812,137.38795471191406,141.32933044433594,145.41734313964844,151.89328002929688,154.59860229492188,162.65660095214844,137.2595672607422,143.39695739746094,148.2212677001953,152.27378845214844,156.81100463867188,169.1258544921875,177.9786834716797,183.85462951660156
3,SA-Male,1532.9573974609375,1573.3248291015625,1552.386474609375,1567.2122802734375,1541.8876953125,1558.962158203125,1588.986572265625,1619.0142822265625,1797.975341796875,1831.4742431640625,1810.2486572265625,1805.4974365234375,1792.2154541015625,1825.113037109375,1830.55029296875,1844.29052734375,1832.6851806640625,1858.4288330078125,1864.0926513671875,1866.3568115234375,1868.2379150390625,1920.314697265625,1923.4779052734375,1944.07080078125,2029.475341796875,2064.53271484375,2050.457275390625,2067.88916015625,2100.8310546875,2125.574462890625,2126.68115234375,2157.68701171875
3,TAS-Female,40.31058883666992,42.497039794921875,42.315025329589844,44.833404541015625,45.6053466796875,48.0579948425293,50.198280334472656,52.01118469238281,33.73062515258789,35.34501266479492,37.79215621948242,38.75163269042969,37.358970642089844,41.1464958190918,44.81813049316406,47.1915397644043,35.00196838378906,37.55851364135742,40.903961181640625,42.901309967041016,43.2266731262207,47.88842010498047,49.009700775146484,50.863956451416016,49.20941925048828,51.42084503173828,53.949398040771484,56.375160217285156,56.992225646972656,60.61555099487305,62.883026123046875,64.25847625732422
3,TAS-Male,503.8193664550781,519.1471557617188,515.6792602539062,520.6398315429688,511.9964599609375,518.2493896484375,530.261962890625,536.9287719726562,487.2666320800781,497.7672119140625,501.0187683105469,502.9004211425781,502.41192626953125,517.921630859375,516.3917846679688,521.0791015625,448.35906982421875,465.05328369140625,478.5458679199219,475.366943359375,469.9283142089844,484.7968444824219,485.5587158203125,493.668212890625,438.0613098144531,455.3633117675781,458.7218322753906,462.4053039550781,473.3310546875,496.1845703125,502.54534912109375,508.95166015625
3,VIC-Female,243.83091735839844,255.45562744140625,254.51434326171875,262.62896728515625,260.6122131347656,262.44873046875,267.80731201171875,278.1114501953125,245.81149291992188,256.7912292480469,260.9876708984375,262.7250061035156,262.80859375,276.86395263671875,282.48974609375,285.2081298828125,308.5132751464844,321.071533203125,317.244384765625,327.1143493652344,336.36859130859375,351.6506652832031,359.01580810546875,373.03424072265625,339.2183837890625,355.83056640625,354.65338134765625,363.5198059082031,365.5600891113281,386.4246520996094,396.373291015625,404.0362243652344
3,VIC-Male,3684.602294921875,3756.858154296875,3693.891357421875,3680.038818359375,3561.6171875,3594.5283203125,3648.54248046875,3655.993408203125,4031.246337890625,4061.1904296875,4062.1806640625,4062.96923828125,3996.049072265625,3999.297119140625,3980.311767578125,3968.09765625,4229.44921875,4264.09033203125,4195.68896484375,4195.33935546875,4176.55419921875,4239.94921875,4192.95068359375,4204.62939453125,4624.37890625,4651.3046875,4624.4345703125,4643.837890625,4631.134765625,4663.75537109375,4613.3017578125,4678.95654296875
3,WA-Female,281.02020263671875,293.0679016113281,286.5745849609375,289.0751647949219,283.4054260253906,285.8248291015625,291.68511962890625,306.540771484375,303.78375244140625,308.0750732421875,314.824951171875,331.66845703125,332.95574951171875,345.73297119140625,348.0341796875,355.07275390625,373.1728515625,385.6428527832031,390.4841003417969,387.60223388671875,392.19488525390625,418.47479248046875,433.8991394042969,438.9942932128906,446.45208740234375,459.74169921875,456.71514892578125,456.3506164550781,463.9803466796875,490.461669921875,503.31402587890625,526.1466064453125
3,WA-Male,3273.217041015625,3371.07373046875,3319.39111328125,3333.08837890625,3260.297607421875,3307.22900390625,3328.24365234375,3370.519775390625,3576.437744140625,3603.492431640625,3567.423828125,3575.3466796875,3520.382080078125,3527.4384765625,3510.357666015625,3514.92431640625,4149.2412109375,4174.513671875,4145.63134765625,4141.74072265625,4161.83544921875,4242.6142578125,4228.99169921875,4218.546875,4462.9619140625,4509.306640625,4441.54052734375,4457.4208984375,4439.61328125,4514.8759765625,4534.0947265625,4542.130859375
4,ACT-Female-Remanded,5.892877578735352,5.715827465057373,6.595110893249512,6.368391990661621,6.036480903625488,7.274131774902344,6.233832836151123,6.089478015899658,8.872570991516113,8.58233642578125,8.396587371826172,8.72720718383789,8.939376831054688,8.755629539489746,8.958616256713867,8.672572135925293,8.314457893371582,8.0053129196167,7.752829551696777,6.871145725250244,7.900022029876709,7.659310817718506,7.1350908279418945,6.957486152648926,3.7213711738586426,4.026076793670654,3.0819168090820312,2.844369888305664,3.294616937637329,2.5338587760925293,3.0399487018585205,2.9530203342437744
4,ACT-Female-Sentenced,6.962935447692871,7.720083713531494,7.197800636291504,6.908906936645508,8.360672950744629,8.690942764282227,7.840200901031494,7.271731376647949,5.590675354003906,5.605978488922119,4.507157325744629,4.89335298538208,5.350260257720947,5.500335216522217,5.712708473205566,5.7111406326293945,5.236674785614014,6.193920612335205,5.967925548553467,5.4548139572143555,5.673557758331299,6.678952217102051,6.090865612030029,5.01098108291626,9.684211730957031,10.048142433166504,9.404001235961914,9.60143756866455,9.495290756225586,9.563860893249512,8.813862800598145,8.11153507232666
4,ACT-Male-Remanded,59.60806655883789,63.92595672607422,61.12168884277344,60.63871383666992,64.1906509399414,66.94601440429688,65.78089141845703,65.45480346679688,97.54097747802734,98.60233306884766,96.93468475341797,96.47938537597656,96.22307586669922,97.31411743164062,97.98542022705078,97.30790710449219,80.14601135253906,78.61054229736328,75.15367126464844,81.19112396240234,86.65061950683594,86.51504516601562,86.38436126708984,85.60464477539062,96.27120208740234,97.431640625,94.92321014404297,96.8879165649414,104.06859588623047,108.64320373535156,104.61195373535156,105.59707641601562
4,ACT-Male-Sentenced,111.55807495117188,117.51464080810547,115.4654312133789,115.84413146972656,117.80250549316406,117.52425384521484,118.05223083496094,118.68775939941406,67.82943725585938,69.95682525634766,69.08269500732422,72.54266357421875,77.44535064697266,81.28324890136719,80.48863983154297,81.42464447021484,135.3828125,136.30886840820312,139.54489135742188,135.58470153808594,136.69137573242188,138.52963256835938,137.93963623046875,135.29107666015625,174.027587890625,183.00083923339844,185.72642517089844,187.31210327148438,192.42922973632812,202.68276977539062,205.74513244628906,200.45437622070312
4,NSW-Female-Remanded,217.1810302734375,224.87722778320312,217.3656463623047,216.34149169921875,216.5322265625,220.703125,216.57247924804688,216.04327392578125,212.25848388671875,216.8652801513672,212.7161865234375,211.15110778808594,219.3799591064453,223.07948303222656,221.30813598632812,219.36001586914062,202.623046875,211.28208923339844,203.5572967529297,203.14431762695312,219.648681640625,231.32611083984375,230.4702911376953,233.54515075683594,220.27285766601562,227.0895538330078,226.2809600830078,226.73048400878906,229.63531494140625,239.19967651367188,231.269775390625,230.69769287109375
4,NSW-Female-Sentenced,482.39019775390625,506.3608093261719,503.79718017578125,494.6407470703125,505.39422607421875,512.7721557617188,515.4996337890625,515.5126953125,521.5947265625,535.5598754882812,535.0289306640625,522.8665161132812,526.473388671875,541.8367309570312,560.8638305664062,550.6753540039062,547.4766845703125,568.2753295898438,578.8533325195312,578.9891967773438,589.1438598632812,605.6754150390625,616.740966796875,613.8173217773438,441.67303466796875,455.3341369628906,457.9786071777344,455.7020568847656,463.80194091796875,497.0250244140625,501.6898498535156,504.4537048339844
4,NSW-Male-Remanded,2064.392333984375,2105.287353515625,2066.7265625,2063.67236328125,2080.804443359375,2089.7763671875,2097.283447265625,2137.523193359375,2332.439697265625,2374.175048828125,2362.086181640625,2369.00146484375,2402.798828125,2436.572265625,2428.664794921875,2437.142578125,2396.27001953125,2440.324462890625,2411.128662109375,2443.288330078125,2495.78466796875,2561.14892578125,2549.043701171875,2592.5927734375,2557.893798828125,2601.906494140625,2572.05517578125,2614.714599609375,2673.882568359375,2736.143798828125,2764.24853515625,2806.471435546875
4,NSW-Male-Sentenced,6557.80078125,6631.17724609375,6533.47216796875,6471.3173828125,6385.599609375,6375.9794921875,6387.26953125,6420.30126953125,6749.15380859375,6769.9619140625,6715.94140625,6664.18896484375,6528.94384765625,6522.58984375,6566.53662109375,6536.0224609375,6904.34228515625,6925.04052734375,6878.015625,6884.25341796875,6794.12060546875,6808.7578125,6791.60595703125,6831.4189453125,6509.22412109375,6551.0546875,6536.19384765625,6522.93603515625,6453.59130859375,6540.0087890625,6546.4580078125,6525.9052734375
4,NT-Female-Remanded,8.87088680267334,10.198990821838379,10.435552597045898,9.664673805236816,11.13467025756836,11.486549377441406,11.201985359191895,10.88237190246582,15.642852783203125,14.944686889648438,15.334894180297852,14.764739036560059,15.216009140014648,15.725936889648438,14.465510368347168,14.219900131225586,11.451325416564941,11.752157211303711,12.284396171569824,11.706612586975098,12.930072784423828,12.5916109085083,11.256804466247559,11.505600929260254,24.910442352294922,28.169633865356445,30.81327247619629,28.856037139892578,30.14035987854004,30.8990535736084,31.56928062438965,30.158252716064453
4,NT-Female-Sentenced,21.057842254638672,22.299476623535156,22.804929733276367,22.141952514648438,23.057804107666016,23.991254806518555,24.32172393798828,23.86172103881836,33.63687515258789,35.42824172973633,35.48347091674805,35.59253692626953,36.55353927612305,37.086395263671875,36.809574127197266,35.239078521728516,38.17858123779297,40.34529495239258,40.78302764892578,40.65568542480469,40.10628890991211,44.07997131347656,42.2074089050293,43.41546630859375,65.70672607421875,69.09498596191406,69.81114196777344,68.31232452392578,69.61498260498047,72.72735595703125,73.26477813720703,70.64192962646484
4,NT-Male-Remanded,172.26954650878906,176.39076232910156,171.83892822265625,168.8572998046875,174.82583618164062,171.3096160888672,170.42579650878906,169.1304931640625,220.2454833984375,217.88890075683594,214.43515014648438,216.52725219726562,223.88519287109375,227.55630493164062,216.2859344482422,215.56430053710938,258.7601623535156,263.03564453125,258.6703186035156,255.19566345214844,272.61102294921875,275.615234375,277.64324951171875,282.0194091796875,298.06268310546875,313.93182373046875,312.25970458984375,306.5835876464844,319.9997253417969,341.4419860839844,337.89678955078125,336.03167724609375
4,NT-Male-Sentenced,623.59033203125,653.1722412109375,640.1640014648438,643.5230102539062,652.7410278320312,670.8507690429688,671.1456909179688,672.1348266601562,731.2158203125,750.574462890625,742.2330932617188,738.9369506835938,753.1263427734375,769.6336669921875,766.0924682617188,770.580810546875,864.5298461914062,889.4295654296875,883.1494140625,892.9974975585938,911.6594848632812,932.9368286132812,938.8229370117188,945.4070434570312,1093.7015380859375,1132.7962646484375,1138.551513671875,1159.032958984375,1182.98583984375,1211.7669677734375,1248.828369140625,1262.8807373046875
4,QLD-Female-Remanded,94.1369400024414,98.08859252929688,97.14473724365234,93.7674560546875,97.21649169921875,96.71720886230469,97.44185638427734,93.37075805664062,93.99894714355469,100.18502044677734,101.38423919677734,99.69149780273438,98.3551025390625,107.51949310302734,108.70536041259766,107.88021087646484,87.63565826416016,95.59874725341797,96.32805633544922,93.07070922851562,96.33412170410156,101.57158660888672,102.91680908203125,96.87680053710938,106.05130004882812,112.70576477050781,114.25264739990234,114.39214324951172,116.2582778930664,120.70149993896484,121.6975326538086,120.14707946777344
4,QLD-Female-Sentenced,319.9810791015625,330.1967468261719,329.1976623535156,330.4712829589844,336.657958984375,337.6299133300781,339.1329040527344,341.6546630859375,354.59906005859375,357.5154724121094,353.93426513671875,358.2498779296875,364.8465270996094,368.66876220703125,367.4403991699219,366.4166259765625,330.9683532714844,341.9127502441406,340.5960998535156,338.68731689453125,350.1354064941406,361.44134521484375,362.70556640625,358.9869689941406,379.9707946777344,389.4667053222656,394.6029052734375,390.81439208984375,411.1673278808594,426.36474609375,421.1612243652344,427.6094055175781
4,QLD-Male-Remanded,1121.7635498046875,1146.7685546875,1144.4517822265625,1143.7607421875,1141.2659912109375,1171.277587890625,1168.2156982421875,1166.0028076171875,1101.4381103515625,1144.03369140625,1136.4029541015625,1127.7427978515625,1165.2945556640625,1208.6685791015625,1219.5556640625,1203.072998046875,1105.8046875,1129.1885986328125,1122.0836181640625,1133.5013427734375,1167.4263916015625,1195.28466796875,1202.5972900390625,1222.5999755859375,1127.6688232421875,1158.92333984375,1151.63232421875,1166.7794189453125,1200.23486328125,1233.085205078125,1245.5439453125,1269.63720703125
4,QLD-Male-Sentenced,4053.2451171875,4131.3056640625,4068.3203125,4074.389892578125,4034.70654296875,4052.242919921875,4083.202880859375,4145.81103515625,4056.609130859375,4083.76904296875,4088.138916015625,4072.052490234375,4019.291748046875,4052.249755859375,4097.62353515625,4100.19140625,4081.361083984375,4124.43505859375,4119.5107421875,4123.32470703125,4109.75439453125,4176.42626953125,4175.70361328125,4220.353515625,4145.76806640625,4170.9873046875,4197.1474609375,4230.65576171875,4223.11279296875,4296.19384765625,4334.49755859375,4382.71630859375
4,SA-Female-Remanded,41.58851623535156,44.134056091308594,43.557769775390625,42.714134216308594,44.49085235595703,45.12950134277344,45.63564682006836,47.21229553222656,60.70412063598633,64.25115966796875,63.46904754638672,63.814727783203125,65.87815856933594,68.6559829711914,68.38874053955078,65.95555877685547,53.393577575683594,57.80762481689453,57.97900390625,56.88811111450195,57.398719787597656,61.60309982299805,63.38935089111328,60.853515625,54.569305419921875,57.06626510620117,56.33785629272461,58.97438049316406,60.77006530761719,61.853248596191406,62.869022369384766,61.00693130493164
4,SA-Female-Sentenced,65.5884017944336,68.04174041748047,67.9974136352539,65.88612365722656,66.7912368774414,67.70426177978516,70.48165893554688,66.89393615722656,63.191978454589844,65.36766052246094,66.65142822265625,64.83831787109375,68.70303344726562,72.22494506835938,72.60521697998047,69.14469146728516,79.98976135253906,81.94803619384766,84.40141296386719,83.98401641845703,87.98957824707031,89.90211486816406,90.75257110595703,88.63107299804688,85.38796997070312,91.73429870605469,92.6515121459961,90.28518676757812,91.9349136352539,98.99980926513672,100.32007598876953,101.03616333007812
4,SA-Male-Remanded,518.1480102539062,542.1751708984375,537.9207763671875,539.7440185546875,542.0232543945312,558.7318725585938,556.6709594726562,552.090576171875,594.6592407226562,615.5265502929688,607.4085693359375,599.1328125,606.2150268554688,631.0534057617188,635.6082153320312,630.1087646484375,621.550048828125,657.0509033203125,655.19970703125,653.018798828125,659.2485961914062,694.8523559570312,699.5360107421875,696.6541137695312,658.674560546875,674.435546875,663.3396606445312,672.3875732421875,717.87890625,734.2894287109375,732.9467163085938,737.6588745117188
4,SA-Male-Sentenced,1033.6697998046875,1066.0618896484375,1062.6929931640625,1070.469970703125,1073.47900390625,1086.440673828125,1097.259033203125,1111.4642333984375,1239.9444580078125,1260.0877685546875,1262.1455078125,1268.36083984375,1275.2001953125,1292.260009765625,1311.56201171875,1321.4510498046875,1235.400146484375,1257.8734130859375,1284.22021484375,1290.0440673828125,1290.7757568359375,1329.059326171875,1348.7593994140625,1372.932373046875,1392.7564697265625,1422.2275390625,1443.359619140625,1458.4307861328125,1490.1673583984375,1525.332275390625,1566.1285400390625,1606.2200927734375
4,TAS-Female-Remanded,11.444981575012207,12.290436744689941,13.249505996704102,13.269412994384766,13.459644317626953,14.002964973449707,13.250105857849121,14.286191940307617,7.787353038787842,8.98937702178955,9.241827011108398,7.916205406188965,9.005154609680176,9.141850471496582,9.032291412353516,8.369155883789062,7.246511936187744,9.101837158203125,7.4663310050964355,7.002511024475098,7.074222564697266,7.410285949707031,8.000283241271973,6.747990131378174,7.424754619598389,7.4140238761901855,6.781208038330078,6.985393047332764,7.307790756225586,7.582919597625732,7.954359531402588,7.184755802154541
4,TAS-Female-Sentenced,28.398555755615234,29.79952621459961,28.72585678100586,29.048728942871094,30.999008178710938,29.944692611694336,32.68497848510742,31.59613037109375,27.1605167388916,27.473379135131836,28.878551483154297,30.312034606933594,27.6333065032959,28.67751693725586,30.883459091186523,30.069869995117188,26.676681518554688,28.066665649414062,29.799488067626953,30.782033920288086,29.72669219970703,30.795011520385742,31.732620239257812,30.938640594482422,41.69750213623047,40.49396514892578,41.90041732788086,42.98068618774414,43.80062484741211,43.86569595336914,45.86171340942383,43.21855163574219
4,TAS-Male-Remanded,106.63027954101562,116.86261749267578,118.8004379272461,115.04552459716797,114.18233489990234,120.09518432617188,124.39266204833984,121.72415161132812,98.95677947998047,106.04182434082031,107.59800720214844,101.99690246582031,105.78800964355469,112.44288635253906,114.58866119384766,111.42564392089844,89.15718841552734,95.38566589355469,97.32249450683594,93.94659423828125,97.15760040283203,105.63138580322266,109.33540344238281,106.91616821289062,91.30020904541016,95.74409484863281,96.44757080078125,98.29137420654297,103.4925765991211,106.95052337646484,105.30389404296875,106.63348388671875
4,TAS-Male-Sentenced,398.498291015625,415.80804443359375,414.11669921875,417.2568664550781,418.1292419433594,430.2967529296875,438.0970153808594,440.0401916503906,388.936767578125,393.65362548828125,397.3888244628906,399.9873962402344,400.1572570800781,412.3902282714844,415.02374267578125,418.85284423828125,370.04010009765625,371.7145080566406,379.96942138671875,377.356201171875,383.5594177246094,390.8517761230469,395.93621826171875,399.9459228515625,355.176025390625,370.46649169921875,382.9579162597656,389.2427062988281,388.97894287109375,404.04205322265625,422.40545654296875,414.7511901855469
4,VIC-Female-Remanded,48.297760009765625,52.81160354614258,52.55916976928711,50.21100616455078,53.679718017578125,55.19348907470703,56.34507751464844,58.254676818847656,65.77853393554688,67.54302215576172,67.1407241821289,64.49215698242188,66.18999481201172,71.32952880859375,69.3892822265625,67.73871612548828,71.018310546875,75.71591186523438,76.80675506591797,77.07070922851562,80.25028228759766,83.23365783691406,86.61550903320312,87.03385925292969,95.25540161132812,98.83872985839844,98.11481475830078,100.49140167236328,104.623779296875,104.87699890136719,104.72203063964844,105.85675048828125
4,VIC-Female-Sentenced,199.71737670898438,210.7312774658203,210.56185913085938,207.98873901367188,207.07937622070312,206.9515838623047,212.47019958496094,213.6785888671875,181.47348022460938,185.3526611328125,189.7367706298828,187.02383422851562,183.5025634765625,192.79415893554688,198.0593719482422,197.9141082763672,248.25076293945312,252.38320922851562,254.45338439941406,254.85836791992188,263.80352783203125,268.92041015625,261.8880310058594,257.9731750488281,249.02626037597656,262.2499694824219,266.7589111328125,267.303955078125,272.5498962402344,283.801025390625,280.27996826171875,285.39508056640625
4,VIC-Male-Remanded,707.9884643554688,722.259521484375,718.7666625976562,716.6362915039062,715.1651611328125,720.4502563476562,731.111083984375,731.8557739257812,803.123779296875,822.1959838867188,832.8826904296875,828.341552734375,832.510009765625,852.2660522460938,867.7245483398438,865.7644653320312,763.1541137695312,783.9732666015625,783.72412109375,793.765625,813.61962890625,838.5982666015625,854.4163208007812,862.7242431640625,912.1632080078125,953.1752319335938,972.9859008789062,965.2442016601562,979.7787475585938,1018.3858032226562,1032.7044677734375,1035.77197265625
4,VIC-Male-Sentenced,2986.772216796875,3051.1728515625,3012.232666015625,2997.595947265625,2944.988525390625,2942.865234375,3002.988037109375,3039.164794921875,3259.477294921875,3268.40625,3309.844970703125,3329.36669921875,3296.271484375,3354.271728515625,3348.332275390625,3379.552978515625,3484.63623046875,3519.05029296875,3520.252197265625,3555.75927734375,3511.735107421875,3572.432861328125,3625.010498046875,3671.622802734375,3750.6748046875,3796.924072265625,3804.302734375,3884.975341796875,3843.659912109375,3883.215576171875,3946.729736328125,4020.470703125
4,WA-Female-Remanded,66.85469055175781,67.22734069824219,64.19915771484375,63.909481048583984,66.94721221923828,68.71138763427734,71.328125,69.3039321899414,87.4421157836914,85.69174194335938,82.96717834472656,83.3310775756836,85.80513000488281,90.23471069335938,87.08760833740234,87.43156433105469,64.84808349609375,68.2673110961914,69.08618927001953,65.3750991821289,68.26425170898438,74.67097473144531,76.2905502319336,74.7452392578125,103.2223892211914,105.74832153320312,106.23407745361328,104.53797149658203,107.10193634033203,110.4158935546875,109.84475708007812,108.02336120605469
4,WA-Female-Sentenced,213.3890838623047,226.2928924560547,219.76214599609375,217.73463439941406,224.2961883544922,223.53184509277344,222.82191467285156,223.30589294433594,224.94033813476562,227.3070526123047,230.67312622070312,233.21400451660156,230.75454711914062,232.814697265625,241.34249877929688,246.69577026367188,321.1531982421875,331.8306884765625,337.66290283203125,334.47930908203125,343.0592346191406,347.5430908203125,356.05865478515625,352.1336669921875,345.41387939453125,357.4496765136719,359.50018310546875,356.3158874511719,366.0124816894531,381.6539306640625,377.602294921875,373.6280212402344
4,WA-Male-Remanded,563.6793823242188,579.4044799804688,577.3319702148438,573.5542602539062,579.2347412109375,593.6194458007812,597.0982055664062,584.6575317382812,665.0667114257812,696.3226928710938,704.4522705078125,694.4971313476562,707.0418701171875,732.4071044921875,734.7061157226562,713.5919799804688,697.7512817382812,725.9332885742188,730.952392578125,724.9728393554688,744.8687744140625,772.011962890625,777.6005249023438,751.3416748046875,903.5157470703125,941.0853881835938,937.2271118164062,957.881591796875,992.179443359375,1019.963134765625,1037.545654296875,1042.6453857421875
4,WA-Male-Sentenced,2740.251953125,2803.059326171875,2758.0771484375,2742.60107421875,2717.734619140625,2784.113525390625,2778.280029296875,2817.758544921875,2928.849609375,2945.07666015625,2974.573974609375,3012.484130859375,2980.12890625,3031.006591796875,3030.94091796875,3103.442626953125,3498.73291015625,3529.669189453125,3583.63818359375,3625.53662109375,3604.558837890625,3665.6376953125,3683.5341796875,3724.997314453125,3616.8720703125,3678.79248046875,3676.131103515625,3710.41357421875,3719.1123046875,3809.984375,3838.26904296875,3881.644287109375
5,ACT-Female-Remanded-ATSI,0.17712104320526123,0.3858675956726074,0.3670625686645508,0.2706006169319153,0.3699856996536255,0.4524332284927368,0.5205240249633789,0.4613743722438812,1.7135741710662842,1.4575841426849365,1.5378756523132324,1.3175450563430786,1.4542090892791748,1.711452841758728,1.7981808185577393,1.854722499847412,1.510995626449585,1.5796399116516113,1.6355255842208862,1.5717543363571167,1.5796469449996948,1.8989360332489014,1.6156388521194458,1.4592536687850952,1.0124409198760986,1.0446946620941162,1.0448191165924072,1.1084904670715332,1.1386513710021973,0.9423077702522278,1.1327883005142212,1.002899408340454
5,ACT-Female-Remanded-Non-ATSI,5.265381336212158,4.87772798538208,4.370511531829834,4.361613750457764,4.239386081695557,4.620302200317383,4.774846076965332,4.8286309242248535,6.830859661102295,6.40552282333374,5.966696262359619,6.127076148986816,6.042026042938232,6.443655967712402,6.011683464050293,6.28269624710083,6.4894938468933105,7.126168727874756,7.421453475952148,6.143351078033447,7.320964336395264,7.318080425262451,7.887211322784424,7.702232360839844,3.5978944301605225,4.175807952880859,4.419906139373779,4.6313323974609375,5.01919412612915,5.028942108154297,5.232785224914551,5.323220252990723
5,ACT-Female-Sentenced-ATSI,0.13579866290092468,0.06426170468330383,-0.019913040101528168,0.030397646129131317,0.030542489141225815,0.04554007947444916,0.01587001234292984,0.048999421298503876,0.7425903081893921,0.4137939214706421,0.28841617703437805,0.16866043210029602,0.3343648612499237,0.31994181871414185,0.3680088520050049,0.2533627450466156,0.5704125165939331,0.8547259569168091,0.9415920972824097,0.90751051902771,1.0329558849334717,1.0521979331970215,1.116551399230957,1.0032767057418823,1.7380353212356567,1.5625300407409668,1.7718455791473389,1.5370986461639404,1.4034254550933838,1.7320636510849,1.7809381484985352,1.453409194946289
5,ACT-Female-Sentenced-Non-ATSI,6.099326133728027,6.303584575653076,6.477220058441162,6.907307147979736,7.289991855621338,7.536792278289795,7.610060691833496,7.422598361968994,5.0341291427612305,5.580416679382324,6.028570175170898,5.8812713623046875,6.687458038330078,6.70005464553833,6.512833595275879,6.386284828186035,5.914933681488037,6.677303314208984,6.697953224182129,6.543185234069824,6.675863265991211,6.998220443725586,7.8025712966918945,7.491449356079102,8.077936172485352,8.036526679992676,8.390726089477539,8.216375350952148,8.409805297851562,8.555832862854004,8.722505569458008,8.890070915222168
5,ACT-Male-Remanded-ATSI,7.976389408111572,8.616955757141113,8.743121147155762,8.590892791748047,9.617019653320312,10.57913589477539,9.870855331420898,9.490213394165039,13.932500839233398,13.852339744567871,13.700057029724121,11.62990951538086,11.34867000579834,11.346715927124023,11.34937858581543,10.63603401184082,18.41632080078125,18.426883697509766,18.224428176879883,18.141813278198242,18.770889282226562,17.696067810058594,18.110065460205078,19.08728790283203,16.903453826904297,17.793886184692383,18.034950256347656,17.909875869750977,17.946332931518555,19.568172454833984,19.055612564086914,19.07571029663086
5,ACT-Male-Remanded-Non-ATSI,53.09020233154297,55.96128845214844,54.81745529174805,52.84723663330078,56.28940200805664,58.218997955322266,57.252593994140625,56.9072151184082,82.79240417480469,79.64179229736328,78.98902130126953,77.35466766357422,78.03892517089844,77.33866119384766,79.12019348144531,76.26292419433594,59.36775207519531,59.82297134399414,57.703529357910156,59.8233642578125,64.8421630859375,63.633235931396484,63.66879653930664,64.15717315673828,73.61994171142578,75.39259338378906,74.89263916015625,75.14485931396484,75.9502182006836,76.5843276977539,76.84151458740234,78.83348083496094
5,ACT-Male-Sentenced-ATSI,12.502111434936523,10.052844047546387,8.828195571899414,8.266183853149414,8.489776611328125,7.51092529296875,7.231940746307373,7.479222297668457,9.49443531036377,9.78553581237793,9.952261924743652,10.37186050415039,11.052937507629395,11.617801666259766,11.880465507507324,11.518224716186523,16.873706817626953,17.971147537231445,17.005842208862305,17.09608268737793,16.44039535522461,17.353052139282227,18.028812408447266,17.208587646484375,28.386524200439453,27.84695053100586,28.15761947631836,27.736146926879883,27.610919952392578,28.1591739654541,27.77191925048828,27.230140686035156
5,ACT-Male-Sentenced-Non-ATSI,97.81291198730469,102.13933563232422,99.2916259765625,100.4656982421875,102.6442642211914,107.27888488769531,109.60377502441406,110.2109603881836,58.780860900878906,63.48561477661133,65.6771011352539,67.01700592041016,71.52151489257812,76.00923919677734,77.82279968261719,77.11370086669922,112.38240051269531,115.40715789794922,119.96778106689453,119.65234375,119.06861877441406,119.74217224121094,114.58331298828125,112.47223663330078,142.50680541992188,142.7264862060547,144.93763732910156,143.49295043945312,143.87322998046875,143.90728759765625,144.2378387451172,143.33236694335938
5,NSW-Female-Remanded-ATSI,62.07255172729492,63.17082977294922,61.180763244628906,60.77035903930664,60.33293533325195,60.106040954589844,59.67830276489258,56.558380126953125,57.41941833496094,56.6715202331543,55.88722229003906,56.65909194946289,59.34320831298828,58.16168212890625,58.54376983642578,59.40156555175781,56.105934143066406,56.90397644042969,54.75225067138672,56.07333755493164,57.942161560058594,60.94129943847656,59.1662712097168,60.06863784790039,76.9102554321289,77.5793228149414,76.93171691894531,79.21675109863281,79.78009796142578,78.68771362304688,79.00505828857422,80.56108093261719
5,NSW-Female-Remanded-Non-ATSI,154.1460418701172,156.4635009765625,156.74505615234375,151.1417694091797,151.21522521972656,153.4356231689453,151.73452758789062,145.35012817382812,153.3749237060547,157.00161743164062,155.14808654785156,151.4116668701172,156.9532928466797,154.0450439453125,159.6533660888672,156.48558044433594,142.65200805664062,150.54257202148438,147.65892028808594,144.24581909179688,150.37649536132812,157.11868286132812,159.04486083984375,158.07943725585938,138.9402618408203,142.90631103515625,141.81565856933594,142.6598663330078,143.86264038085938,148.0040740966797,146.45559692382812,144.51760864257812
5,NSW-Female-Sentenced-ATSI,139.52244567871094,145.13963317871094,145.69320678710938,140.68435668945312,140.04269409179688,139.38546752929688,141.7899627685547,142.40042114257812,151.25001525878906,156.40066528320312,155.3693389892578,150.9864044189453,153.92189025878906,153.76080322265625,155.74745178222656,153.9034881591797,150.95687866210938,155.4558868408203,159.27548217773438,154.33067321777344,159.8477325439453,164.9311981201172,168.43893432617188,169.69004821777344,125.4270248413086,126.37071990966797,126.04292297363281,125.18574523925781,126.05687713623047,130.64048767089844,135.21554565429688,135.3237762451172
5,NSW-Female-Sentenced-Non-ATSI,342.635986328125,349.0908508300781,349.737548828125,343.743408203125,342.7605285644531,346.1419677734375,341.7811584472656,343.7968444824219,360.86181640625,363.44830322265625,362.403076171875,357.4794616699219,350.7240295410156,349.591552734375,349.8630676269531,348.935302734375,394.1056213378906,404.9834289550781,397.22247314453125,397.9798889160156,393.5341491699219,400.99908447265625,402.6222229003906,395.77392578125,315.17724609375,316.0073547363281,324.37176513671875,316.68927001953125,324.4931640625,336.66326904296875,336.02532958984375,339.0700378417969
5,NSW-Male-Remanded-ATSI,386.3377990722656,397.11004638671875,390.2479553222656,383.50286865234375,383.811767578125,386.91131591796875,384.804931640625,377.7397155761719,435.5272521972656,430.7391662597656,428.9906005859375,420.2969665527344,423.6052551269531,421.9814147949219,423.8276062011719,416.8987731933594,448.5436096191406,461.4767150878906,458.31671142578125,447.41119384765625,456.0113525390625,474.3840026855469,477.9598388671875,476.76324462890625,513.5237426757812,514.0457153320312,509.7076721191406,509.8985595703125,516.836669921875,530.15380859375,537.22509765625,525.8975830078125
5,NSW-Male-Remanded-Non-ATSI,1680.001953125,1699.9718017578125,1701.646240234375,1690.423583984375,1677.36083984375,1696.7476806640625,1699.3814697265625,1697.4813232421875,1882.5513916015625,1893.3031005859375,1889.3519287109375,1869.8499755859375,1850.1536865234375,1863.1778564453125,1873.6976318359375,1850.07275390625,1908.8416748046875,1930.029541015625,1911.8828125,1912.6824951171875,1906.2755126953125,1953.371826171875,1968.651123046875,1970.6182861328125,1972.2198486328125,1999.8990478515625,1994.2235107421875,2000.7457275390625,2012.280029296875,2037.5848388671875,2040.5859375,2047.957763671875
5,NSW-Male-Sentenced-ATSI,1371.2952880859375,1387.8795166015625,1392.2562255859375,1386.755126953125,1361.79443359375,1367.87255859375,1385.85791015625,1368.7110595703125,1417.0303955078125,1418.9501953125,1438.03662109375,1425.6243896484375,1402.2808837890625,1404.7547607421875,1419.584716796875,1393.943603515625,1586.427978515625,1588.2613525390625,1592.5565185546875,1585.6268310546875,1563.5328369140625,1558.92626953125,1562.6041259765625,1563.1458740234375,1484.14501953125,1502.1033935546875,1510.5535888671875,1501.07861328125,1494.7672119140625,1523.4136962890625,1532.151123046875,1517.503662109375
5,NSW-Male-Sentenced-Non-ATSI,5285.6591796875,5345.27392578125,5317.70947265625,5296.1923828125,5203.9892578125,5230.5146484375,5317.00341796875,5345.326171875,5340.60693359375,5359.72412109375,5368.97607421875,5337.255859375,5254.62451171875,5291.5439453125,5290.41455078125,5290.32080078125,5339.0390625,5331.408203125,5354.92041015625,5311.78271484375,5276.85400390625,5316.484375,5342.642578125,5282.2978515625,5020.08349609375,5047.77392578125,5097.06201171875,5063.83154296875,5031.45068359375,5074.30908203125,5083.5390625,5093.43798828125
5,NT-Female-Remanded-ATSI,7.980884075164795,9.062122344970703,8.825828552246094,8.299758911132812,8.788409233093262,9.48578929901123,9.502748489379883,8.652963638305664,12.76081657409668,12.259385108947754,12.700265884399414,11.583818435668945,11.601889610290527,11.994595527648926,11.888832092285156,11.506658554077148,9.944299697875977,10.190023422241211,10.414795875549316,10.738698959350586,12.003390312194824,13.006353378295898,13.708075523376465,13.076286315917969,21.31772232055664,22.855613708496094,22.23776626586914,20.99713897705078,21.81587791442871,22.242691040039062,23.81726837158203,21.906587600708008
5,NT-Female-Remanded-Non-ATSI,1.1745182275772095,1.9512863159179688,2.1918506622314453,2.2819671630859375,2.5229451656341553,2.7780871391296387,2.5578019618988037,2.1297171115875244,1.9268677234649658,1.7100205421447754,1.57935631275177,1.65123450756073,1.9687399864196777,1.6091779470443726,1.710772156715393,1.5991684198379517,1.3687701225280762,1.4202381372451782,1.3926348686218262,1.276944875717163,1.4755175113677979,1.4842700958251953,1.2171746492385864,1.264966607093811,3.0963797569274902,3.1763663291931152,3.1156973838806152,2.8918590545654297,3.138317823410034,3.092137098312378,3.216885566711426,3.507448673248291
5,NT-Female-Sentenced-ATSI,12.519790649414062,13.158897399902344,13.265487670898438,13.203046798706055,13.256673812866211,14.666908264160156,14.19033432006836,13.80447006225586,26.98316192626953,26.883434295654297,26.779315948486328,26.31520652770996,26.31721305847168,26.668176651000977,27.37107276916504,26.320802688598633,32.687923431396484,32.60724639892578,32.66001892089844,32.12467956542969,32.97152328491211,32.730674743652344,32.659671783447266,33.25774002075195,54.5174674987793,54.026268005371094,54.03824234008789,52.215614318847656,53.352535247802734,55.17286682128906,56.2886848449707,55.569122314453125
5,NT-Female-Sentenced-Non-ATSI,7.890809535980225,6.562006950378418,6.374845504760742,5.075230121612549,5.591152191162109,5.473402976989746,5.580534934997559,5.639974594116211,5.639693260192871,5.928125858306885,6.3284125328063965,6.258057594299316,6.577413558959961,6.902530670166016,6.234984397888184,6.29131555557251,5.986301898956299,7.292238712310791,7.264538764953613,7.430693626403809,7.76516580581665,8.698568344116211,9.055743217468262,9.120843887329102,9.644481658935547,9.530370712280273,9.131302833557129,8.916571617126465,8.989922523498535,9.447564125061035,9.459930419921875,9.508259773254395
5,NT-Male-Remanded-ATSI,143.2898406982422,145.57310485839844,140.2984161376953,136.67510986328125,137.11148071289062,141.604736328125,138.4078369140625,132.6071014404297,166.74197387695312,164.90138244628906,161.0367431640625,161.54864501953125,161.79132080078125,162.77273559570312,158.7770538330078,154.24810791015625,212.53143310546875,210.11843872070312,208.01890563964844,211.15701293945312,214.94361877441406,213.36325073242188,215.39385986328125,216.15748596191406,247.07798767089844,253.9295654296875,251.34300231933594,251.63174438476562,245.46080017089844,254.77682495117188,253.962158203125,250.74891662597656
5,NT-Male-Remanded-Non-ATSI,27.14392852783203,29.64472198486328,29.44057846069336,28.203659057617188,29.75655746459961,31.794775009155273,32.97241973876953,33.24207305908203,43.108402252197266,41.59305953979492,39.16877746582031,39.47602081298828,38.35395431518555,38.04375457763672,38.368614196777344,38.347591400146484,33.15326690673828,36.55409622192383,37.62154769897461,38.10578536987305,40.88690185546875,44.404476165771484,45.82454299926758,46.4247932434082,45.01983642578125,47.3867073059082,48.04115676879883,48.90813446044922,50.15938949584961,49.56803894042969,49.74186325073242,49.48635482788086
5,NT-Male-Sentenced-ATSI,502.62646484375,522.514404296875,514.2572021484375,506.5182800292969,507.5671691894531,523.98046875,525.7180786132812,528.878662109375,585.4442138671875,593.460205078125,591.8042602539062,587.3192749023438,577.2840576171875,589.36328125,585.0481567382812,582.5494384765625,686.066650390625,697.3569946289062,688.5161743164062,682.228515625,685.83203125,688.5515747070312,704.7115478515625,700.8029174804688,888.7474975585938,891.0558471679688,886.9708251953125,879.2073974609375,891.1935424804688,879.0084228515625,880.0952758789062,872.2164306640625
5,NT-Male-Sentenced-Non-ATSI,115.29900360107422,117.5056381225586,117.46610260009766,114.30474090576172,115.47928619384766,118.96784973144531,121.61439514160156,117.24146270751953,121.2141342163086,125.03257751464844,120.9831314086914,121.62210083007812,122.97537231445312,123.65026092529297,121.76307678222656,122.72355651855469,156.31292724609375,161.24574279785156,160.29031372070312,159.94639587402344,158.22775268554688,161.42233276367188,162.36480712890625,164.37393188476562,180.8164825439453,183.9454803466797,181.78158569335938,183.38523864746094,184.482177734375,184.5728759765625,182.23403930664062,185.79934692382812
5,QLD-Female-Remanded-ATSI,28.49234390258789,28.803287506103516,26.90760612487793,26.927268981933594,25.81928825378418,27.20490074157715,26.964426040649414,26.69715690612793,31.53826141357422,32.903907775878906,33.463340759277344,32.86188888549805,35.55193328857422,36.64256286621094,36.96078109741211,35.35562515258789,31.315391540527344,32.858726501464844,32.61231231689453,31.99439811706543,33.506935119628906,34.0772819519043,35.346038818359375,34.53766632080078,39.15229034423828,39.98036575317383,41.406394958496094,41.56571578979492,40.2166748046875,42.845035552978516,41.91477966308594,43.04637908935547
5,QLD-Female-Remanded-Non-ATSI,65.05438995361328,67.45733642578125,65.9717788696289,63.54603958129883,65.55448150634766,66.38729858398438,65.35628509521484,64.16117095947266,64.39722442626953,65.80715942382812,66.69926452636719,67.41362762451172,69.39408874511719,72.78764343261719,73.42039489746094,74.86372375488281,55.33784103393555,58.013309478759766,56.98170471191406,55.836246490478516,58.78660202026367,61.412841796875,60.18861389160156,60.35135269165039,65.01013946533203,64.24222564697266,66.03352355957031,66.47718048095703,63.70048141479492,64.73988342285156,64.53486633300781,63.75074768066406
5,QLD-Female-Sentenced-ATSI,89.24293518066406,93.82861328125,92.95331573486328,91.07365417480469,89.91327667236328,88.5132827758789,89.59400177001953,86.70147705078125,87.59899139404297,90.19963073730469,87.68940734863281,84.37164306640625,88.44754028320312,88.8262710571289,90.28983306884766,89.53740692138672,107.38300323486328,108.71025848388672,106.78475189208984,106.68122100830078,108.82360076904297,109.77962493896484,110.44706726074219,109.21854400634766,121.51420593261719,124.18807983398438,123.47321319580078,122.904541015625,125.5431137084961,129.94009399414062,129.8303680419922,128.77561950683594
5,QLD-Female-Sentenced-Non-ATSI,229.39175415039062,233.36183166503906,236.66395568847656,229.44801330566406,228.68045043945312,227.7677764892578,227.8911895751953,223.82334899902344,260.6273193359375,255.54652404785156,257.08746337890625,254.46627807617188,253.7848663330078,256.31671142578125,253.06356811523438,242.94805908203125,224.91490173339844,230.76075744628906,231.0370330810547,231.63206481933594,231.511474609375,237.1474151611328,235.7329559326172,241.8966064453125,250.44862365722656,250.18643188476562,245.03346252441406,249.37063598632812,250.10813903808594,258.5083923339844,254.70388793945312,247.997314453125
5,QLD-Male-Remanded-ATSI,270.96270751953125,274.5013122558594,269.0118103027344,265.8976135253906,267.8621826171875,268.264404296875,269.27679443359375,258.56134033203125,275.6114501953125,292.5242004394531,292.02313232421875,286.4610900878906,292.1135559082031,299.7436828613281,298.5915222167969,299.0016174316406,315.40435791015625,320.407470703125,312.41973876953125,308.1417236328125,312.4237060546875,311.47808837890625,308.5867919921875,302.5908203125,303.7438049316406,313.74261474609375,313.6825256347656,308.5989990234375,310.3699645996094,319.0250244140625,321.5718688964844,326.5614013671875
5,QLD-Male-Remanded-Non-ATSI,857.4343872070312,872.8589477539062,863.2283935546875,851.3175048828125,850.6235961914062,859.8592529296875,860.8348388671875,847.1530151367188,807.8021240234375,824.3971557617188,819.8424072265625,811.6187133789062,827.9158325195312,838.1709594726562,845.4494018554688,845.3660888671875,770.251220703125,771.1963500976562,768.9166259765625,776.9324340820312,782.4210205078125,794.9312133789062,813.6051635742188,800.406982421875,791.3493041992188,806.8814697265625,820.3157348632812,809.9431762695312,813.322265625,828.2891235351562,837.0465087890625,832.5428466796875
5,QLD-Male-Sentenced-ATSI,1138.1265869140625,1157.4921875,1141.6129150390625,1128.7784423828125,1123.225341796875,1126.6795654296875,1138.2120361328125,1125.633056640625,1064.979736328125,1071.9715576171875,1077.2401123046875,1065.06005859375,1063.230712890625,1074.9188232421875,1072.9923095703125,1056.6201171875,1199.8804931640625,1217.009765625,1216.6571044921875,1212.4617919921875,1181.897216796875,1190.9285888671875,1205.755126953125,1199.911865234375,1254.34228515625,1262.3880615234375,1263.0771484375,1262.86474609375,1257.553955078125,1260.6124267578125,1278.166015625,1277.60791015625
5,QLD-Male-Sentenced-Non-ATSI,2979.916259765625,3035.6552734375,3008.53955078125,2998.708251953125,2968.448974609375,3012.9765625,3034.70263671875,3025.484375,2954.48193359375,2956.392333984375,2956.82666015625,2935.7978515625,2896.291748046875,2919.786865234375,2933.4384765625,2923.15087890625,2832.095947265625,2861.14111328125,2846.02099609375,2834.1376953125,2837.8359375,2857.752685546875,2866.171875,2877.1962890625,2839.84619140625,2847.114501953125,2865.6396484375,2843.94091796875,2803.3720703125,2836.72802734375,2857.660888671875,2854.29443359375
5,SA-Female-Remanded-ATSI,10.263998985290527,11.027101516723633,10.615368843078613,11.976541519165039,12.282636642456055,13.243647575378418,13.666631698608398,13.446370124816895,13.79246997833252,14.731919288635254,14.151472091674805,14.342065811157227,14.961620330810547,15.678975105285645,16.29560661315918,15.875725746154785,14.983168601989746,16.7231502532959,16.39922332763672,15.907154083251953,16.109933853149414,18.124906539916992,18.414339065551758,18.615234375,21.717601776123047,22.645118713378906,23.05175018310547,22.210987091064453,23.847309112548828,24.484241485595703,24.276775360107422,24.0540828704834
5,SA-Female-Remanded-Non-ATSI,31.551219940185547,31.923686981201172,31.22949981689453,30.97490692138672,29.955631256103516,30.609827041625977,30.694795608520508,30.29227638244629,45.36014175415039,45.794700622558594,45.71733856201172,44.86711502075195,45.22588348388672,46.6541862487793,44.07176208496094,43.27427673339844,37.87142562866211,38.94872283935547,38.32086181640625,38.302978515625,39.47621536254883,40.372039794921875,41.860023498535156,40.13429641723633,32.36458969116211,32.8120231628418,33.793846130371094,33.235836029052734,34.85759353637695,36.65007400512695,35.06086730957031,35.50674057006836
5,SA-Female-Sentenced-ATSI,15.345231056213379,16.021957397460938,15.402338981628418,14.508752822875977,15.772756576538086,15.553949356079102,15.310872077941895,15.15654182434082,13.61490249633789,13.86098575592041,14.904783248901367,14.789007186889648,15.560215950012207,15.626049041748047,16.00359535217285,15.7109375,20.675954818725586,20.493846893310547,21.048437118530273,20.79638671875,20.788747787475586,20.32154083251953,21.319290161132812,20.126697540283203,24.145431518554688,24.1881103515625,24.901906967163086,25.780332565307617,25.652952194213867,26.85363006591797,26.40999412536621,24.564420700073242
5,SA-Female-Sentenced-Non-ATSI,48.9008674621582,50.33485794067383,49.55766296386719,49.08601379394531,47.895477294921875,48.7939338684082,49.55356979370117,46.11810302734375,49.87338638305664,51.59987258911133,51.421504974365234,50.247947692871094,52.5397834777832,52.62295150756836,53.7138786315918,52.23348617553711,58.0770378112793,60.168216705322266,60.29754638671875,61.1646728515625,61.506797790527344,62.69660949707031,64.57881927490234,66.01472473144531,59.486175537109375,61.5955810546875,62.84238815307617,60.127769470214844,61.90475845336914,63.4799919128418,63.41775131225586,64.06575775146484
5,SA-Male-Remanded-ATSI,109.41048431396484,116.1297607421875,112.92120361328125,110.18966674804688,111.68981170654297,115.12329864501953,113.23773193359375,111.55220794677734,159.5049591064453,161.88294982910156,157.35321044921875,155.00498962402344,160.11572265625,157.56629943847656,156.45521545410156,156.73818969726562,190.78875732421875,195.64727783203125,190.43116760253906,187.5454559326172,184.6569061279297,188.09719848632812,190.94021606445312,189.8595428466797,172.07017517089844,175.80181884765625,169.82203674316406,172.2209930419922,176.09063720703125,183.28785705566406,179.86605834960938,181.12037658691406
5,SA-Male-Remanded-Non-ATSI,409.94537353515625,422.18829345703125,415.61700439453125,410.9570007324219,401.6650085449219,409.02386474609375,406.5439758300781,399.68084716796875,428.8657531738281,442.4527587890625,437.7786560058594,439.9660339355469,433.2140808105469,439.2581481933594,443.7005920410156,436.2646789550781,423.2313232421875,436.4654846191406,438.4023132324219,434.4045715332031,441.4021301269531,450.6076965332031,446.01629638671875,450.9488830566406,466.68426513671875,469.7165222167969,458.0112609863281,455.7805480957031,470.14337158203125,476.2980651855469,473.4521179199219,472.5020751953125
5,SA-Male-Sentenced-ATSI,187.59271240234375,191.04522705078125,190.6905059814453,183.25704956054688,182.24551391601562,184.86891174316406,181.241455078125,179.18519592285156,223.90045166015625,232.37051391601562,231.46788024902344,226.6337432861328,230.47100830078125,234.6629180908203,229.13211059570312,225.62989807128906,254.7042236328125,256.8232116699219,260.2869873046875,260.36956787109375,260.197021484375,269.01275634765625,273.1398010253906,268.9258117675781,273.2591552734375,281.8706359863281,279.08135986328125,278.26104736328125,285.531982421875,289.0440673828125,287.8650207519531,283.54095458984375
5,SA-Male-Sentenced-Non-ATSI,849.0428466796875,859.9667358398438,855.90625,849.7233276367188,842.7993774414062,851.1819458007812,855.4505615234375,848.5960693359375,990.6344604492188,990.3939819335938,995.2661743164062,997.11279296875,981.03076171875,975.0859985351562,977.9224243164062,975.16552734375,966.5130004882812,982.543212890625,986.7344970703125,985.002685546875,982.6702880859375,991.6029052734375,1001.9158325195312,1006.00634765625,1091.4481201171875,1113.450439453125,1099.630126953125,1105.5025634765625,1118.53125,1098.647216796875,1110.0804443359375,1111.8243408203125
5,TAS-Female-Remanded-ATSI,2.6296045780181885,2.7285172939300537,2.679616689682007,2.599900007247925,2.910008192062378,3.0309555530548096,2.6960513591766357,2.796931505203247,2.158842086791992,2.3892595767974854,2.717719554901123,2.9000773429870605,3.18422532081604,3.3382346630096436,3.3371312618255615,2.945613384246826,2.274862051010132,2.358520269393921,1.9472482204437256,1.562554121017456,1.8939945697784424,1.9582935571670532,2.2244884967803955,2.183642625808716,2.350031852722168,2.4840359687805176,2.230759382247925,2.428417205810547,2.698979377746582,2.8306691646575928,2.881441593170166,2.9295766353607178
5,TAS-Female-Remanded-Non-ATSI,7.974031448364258,8.43612289428711,8.805536270141602,8.903341293334961,9.397053718566895,9.173089981079102,9.39100456237793,9.361003875732422,7.3342485427856445,7.698700904846191,7.663928031921387,7.177280426025391,8.492737770080566,8.69160270690918,8.92755126953125,8.551046371459961,5.476009845733643,7.0766706466674805,7.5874433517456055,7.525489807128906,8.095680236816406,8.889871597290039,9.090083122253418,9.264968872070312,5.894117832183838,6.178348064422607,6.058938503265381,6.263643264770508,6.794094562530518,7.0914435386657715,7.307704925537109,7.096708297729492
5,TAS-Female-Sentenced-ATSI,3.850006341934204,4.088968276977539,4.579896926879883,4.671121597290039,4.493966102600098,4.465467929840088,4.437576770782471,4.820337295532227,5.9778594970703125,6.2975239753723145,6.752264022827148,6.123917579650879,5.920040607452393,6.148195266723633,6.138829231262207,6.172263145446777,6.811600208282471,6.497107982635498,6.832397937774658,6.360755920410156,6.917351245880127,6.153228759765625,6.062303066253662,6.572426795959473,11.482542037963867,10.64306926727295,10.638309478759766,10.38620376586914,9.910649299621582,9.81539249420166,10.047706604003906,10.210721969604492
5,TAS-Female-Sentenced-Non-ATSI,24.68102264404297,24.129106521606445,23.819839477539062,22.433273315429688,22.14797019958496,22.481990814208984,23.540266036987305,22.065166473388672,21.773515701293945,22.6505069732666,22.953628540039062,22.09412956237793,23.273347854614258,24.424362182617188,22.658348083496094,23.080551147460938,22.59408187866211,23.69942855834961,24.08403205871582,23.412199020385742,24.197938919067383,25.328584671020508,24.435964584350586,25.670242309570312,30.034460067749023,29.456253051757812,30.106698989868164,29.780580520629883,30.43202781677246,29.704601287841797,29.605510711669922,30.221696853637695
5,TAS-Male-Remanded-ATSI,14.77703857421875,16.367738723754883,17.2654972076416,16.242097854614258,15.405942916870117,16.931562423706055,17.79210090637207,18.12546730041504,14.202885627746582,13.566122055053711,13.163680076599121,13.116414070129395,13.54310417175293,13.354750633239746,12.982399940490723,12.817570686340332,17.796842575073242,18.584993362426758,19.119062423706055,18.38898468017578,18.99318504333496,18.893409729003906,19.739032745361328,19.235885620117188,14.907909393310547,13.037483215332031,13.850255966186523,14.834315299987793,14.595113754272461,14.657424926757812,14.440706253051758,14.988157272338867
5,TAS-Male-Remanded-Non-ATSI,93.48819732666016,98.2391357421875,99.77046966552734,94.85066986083984,93.97383880615234,98.09099578857422,98.74335479736328,95.16709899902344,85.82003784179688,86.94425964355469,88.30684661865234,88.22354888916016,90.99187469482422,96.4910659790039,95.01522064208984,94.2765884399414,73.34089660644531,76.80484008789062,78.3932113647461,76.58379364013672,77.84508514404297,82.98495483398438,86.05155181884766,85.53742218017578,74.28457641601562,75.39646911621094,74.40567016601562,75.39386749267578,79.40027618408203,81.07539367675781,81.76374053955078,82.02587890625
5,TAS-Male-Sentenced-ATSI,41.12441635131836,42.44764709472656,41.6973991394043,41.13778305053711,41.6910514831543,44.56013870239258,42.87458419799805,43.95442581176758,48.91037368774414,49.57093811035156,48.970542907714844,48.768943786621094,48.31972122192383,48.97087097167969,49.32023620605469,49.66048049926758,45.71453094482422,47.09394836425781,47.211700439453125,45.1524658203125,47.17776870727539,48.0678596496582,48.94801330566406,48.87934494018555,52.45068359375,52.97271728515625,52.467933654785156,54.40776062011719,56.32605743408203,57.217044830322266,57.32940673828125,55.11551284790039
5,TAS-Male-Sentenced-Non-ATSI,359.1897277832031,372.3498840332031,370.219482421875,369.18975830078125,364.10546875,369.9914245605469,376.3976745605469,364.7055358886719,342.7548828125,344.962158203125,343.2102966308594,341.1461486816406,344.86993408203125,353.53857421875,351.7289123535156,347.7796630859375,319.2049560546875,322.12225341796875,329.2100524902344,324.88519287109375,331.78692626953125,328.65289306640625,336.7825012207031,338.6958312988281,306.85479736328125,317.2580261230469,315.31591796875,318.6919860839844,320.3595275878906,330.9542236328125,332.4901123046875,331.6805725097656
5,VIC-Female-Remanded-ATSI,2.7867393493652344,3.656020402908325,3.694314479827881,4.034137725830078,4.553651809692383,4.6012654304504395,4.710746765136719,4.5580925941467285,5.943222999572754,5.714470863342285,5.44173002243042,5.23591947555542,4.979992866516113,5.400741100311279,5.746680736541748,5.504172325134277,7.54927396774292,7.494421482086182,7.56910514831543,7.83872127532959,8.993412017822266,7.962180137634277,8.620014190673828,8.182040214538574,9.917277336120605,10.218066215515137,9.692261695861816,9.09420394897461,10.263018608093262,11.231109619140625,10.615324020385742,11.34187126159668
5,VIC-Female-Remanded-Non-ATSI,46.02192687988281,48.18102264404297,47.49120330810547,45.855690002441406,48.29157638549805,50.345252990722656,51.760746002197266,52.74335479736328,57.69574737548828,59.86775207519531,59.67132568359375,56.8053092956543,56.9599609375,59.90639114379883,60.4109001159668,58.350040435791016,64.64076232910156,65.92316436767578,67.5745849609375,65.4784927368164,68.28856658935547,72.46775817871094,69.88386535644531,71.46782684326172,82.44181823730469,82.51681518554688,83.33625793457031,81.06639099121094,79.37138366699219,79.91986846923828,82.3254623413086,79.7538070678711
5,VIC-Female-Sentenced-ATSI,11.147089004516602,12.101832389831543,12.077281951904297,11.657230377197266,11.956893920898438,12.373698234558105,12.9744873046875,12.665366172790527,11.483940124511719,12.25963020324707,12.565918922424316,11.875875473022461,12.31657600402832,12.242269515991211,12.568915367126465,12.185309410095215,19.700145721435547,19.42762565612793,19.209964752197266,18.986108779907227,19.53179931640625,19.338680267333984,19.229398727416992,19.438560485839844,22.384967803955078,22.737646102905273,23.038715362548828,22.86227798461914,22.17900848388672,23.468706130981445,24.004409790039062,23.062564849853516
5,VIC-Female-Sentenced-Non-ATSI,185.63674926757812,189.9989013671875,186.81759643554688,184.80783081054688,183.01605224609375,185.59396362304688,186.8287353515625,185.58407592773438,171.73924255371094,174.06884765625,177.31796264648438,175.20632934570312,178.91282653808594,180.65115356445312,180.46519470214844,180.03445434570312,228.84268188476562,234.23707580566406,229.61553955078125,225.77890014648438,227.8155517578125,229.75462341308594,223.8209228515625,220.40090942382812,224.80726623535156,231.761474609375,229.14923095703125,228.4326934814453,234.1143798828125,238.4937744140625,240.5701446533203,237.7370147705078
5,VIC-Male-Remanded-ATSI,48.32893753051758,49.67680358886719,49.26739501953125,46.76127624511719,44.53635025024414,46.64099884033203,45.65934753417969,44.97856521606445,48.93906021118164,49.050052642822266,48.14766311645508,47.75053024291992,48.67313766479492,48.56365966796875,49.523033142089844,49.200199127197266,47.95641326904297,50.45647430419922,49.29112243652344,50.268829345703125,51.289127349853516,52.69517135620117,52.473941802978516,52.10802459716797,61.07237243652344,64.08857727050781,63.80875015258789,61.28053665161133,65.95887756347656,69.84516906738281,68.88221740722656,69.60884094238281
5,VIC-Male-Remanded-Non-ATSI,656.613037109375,661.0169067382812,665.8394165039062,655.4840698242188,649.5889282226562,645.0807495117188,645.4873046875,630.861572265625,740.7710571289062,747.67626953125,744.85498046875,739.363525390625,750.4470825195312,760.1885986328125,745.3766479492188,731.4246215820312,714.3866577148438,721.364013671875,720.6903076171875,709.6873168945312,720.84130859375,728.2625732421875,732.2456665039062,730.7191772460938,837.9212036132812,842.6207275390625,856.420166015625,836.549072265625,838.278076171875,853.3508911132812,852.581298828125,853.9761962890625
5,VIC-Male-Sentenced-ATSI,163.47634887695312,168.60293579101562,166.57603454589844,162.9618682861328,161.1771240234375,161.35482788085938,160.52407836914062,156.83485412597656,180.82586669921875,183.76063537597656,186.2682342529297,185.91094970703125,180.66990661621094,183.19578552246094,180.19076538085938,176.21853637695312,211.83958435058594,215.42054748535156,211.7211151123047,208.64112854003906,217.5758819580078,223.0310821533203,219.91571044921875,212.9131317138672,267.9709777832031,269.7951965332031,267.3673400878906,265.12408447265625,269.76080322265625,266.06842041015625,268.2113342285156,259.86895751953125
5,VIC-Male-Sentenced-Non-ATSI,2868.4482421875,2902.733642578125,2871.847900390625,2869.549560546875,2808.85400390625,2815.0068359375,2829.67529296875,2812.854736328125,3058.450439453125,3087.6279296875,3097.947021484375,3098.46826171875,3027.984130859375,3038.393798828125,3015.3369140625,2991.2431640625,3261.10302734375,3260.041259765625,3267.1416015625,3231.552490234375,3179.690673828125,3167.15478515625,3173.894287109375,3162.63427734375,3459.232421875,3465.656494140625,3470.825439453125,3464.901611328125,3399.248291015625,3463.2607421875,3484.708984375,3469.23486328125
5,WA-Female-Remanded-ATSI,35.11915588378906,35.51790237426758,34.22260284423828,32.27820587158203,32.56523895263672,32.481727600097656,32.62531280517578,30.27280044555664,38.02117919921875,38.284950256347656,36.32709884643555,34.85993957519531,36.726600646972656,38.155029296875,38.094017028808594,37.30721664428711,36.78900909423828,37.40209197998047,38.091156005859375,36.4882926940918,39.305538177490234,40.244407653808594,38.97066879272461,39.50218963623047,55.09065246582031,54.13011932373047,54.89988708496094,55.506446838378906,55.170875549316406,56.233463287353516,55.9822883605957,55.74824523925781
5,WA-Female-Remanded-Non-ATSI,30.508464813232422,31.028413772583008,30.100149154663086,30.68817710876465,30.2900447845459,29.63323211669922,29.76995086669922,28.64929962158203,44.43450164794922,42.57146072387695,41.446311950683594,42.22489929199219,40.1301155090332,38.612483978271484,39.1422233581543,38.645904541015625,31.080171585083008,31.530126571655273,32.191043853759766,32.14873123168945,34.841182708740234,34.99417495727539,34.88413619995117,34.783084869384766,43.42720031738281,44.070499420166016,44.15968322753906,43.1049919128418,42.150997161865234,43.62748336791992,43.1940803527832,42.261043548583984
5,WA-Female-Sentenced-ATSI,111.29947662353516,115.1349868774414,112.93304443359375,109.60004425048828,109.6971664428711,113.5894775390625,111.75300598144531,109.71104431152344,110.29898834228516,114.27490234375,117.54108428955078,118.70964813232422,122.58222198486328,127.77049255371094,126.88558959960938,131.6125946044922,145.39691162109375,146.5155487060547,149.1986083984375,146.8068389892578,148.50257873535156,149.22537231445312,151.037841796875,148.2239532470703,151.14822387695312,156.55723571777344,151.24493408203125,149.9813232421875,152.60154724121094,149.09666442871094,151.23428344726562,147.8998565673828
5,WA-Female-Sentenced-Non-ATSI,104.03556823730469,105.08230590820312,102.43964385986328,102.30921173095703,104.40211486816406,106.41403198242188,104.2746810913086,101.92400360107422,111.40681457519531,112.94549560546875,112.57709503173828,112.7500228881836,111.844482421875,115.52965545654297,113.94960021972656,110.74860382080078,176.31353759765625,183.0562286376953,181.8358612060547,179.36280822753906,176.50991821289062,182.80194091796875,175.8586883544922,174.2225799560547,189.5521240234375,192.72109985351562,191.68505859375,191.75209045410156,191.10159301757812,192.5596923828125,195.9098663330078,193.89126586914062
5,WA-Male-Remanded-ATSI,219.7342071533203,226.2925567626953,218.26617431640625,212.48883056640625,216.62286376953125,216.20040893554688,215.95989990234375,210.91537475585938,269.8141174316406,272.60528564453125,272.6069641113281,268.0389099121094,269.08221435546875,275.18450927734375,271.1078796386719,268.0885925292969,265.79229736328125,273.2262878417969,270.1571044921875,273.3089599609375,277.3348693847656,283.7592468261719,279.6602783203125,277.9942932128906,375.62188720703125,381.5169677734375,378.5437316894531,373.12786865234375,381.8284912109375,386.228271484375,383.9415283203125,393.94329833984375
5,WA-Male-Remanded-Non-ATSI,349.33758544921875,359.6463623046875,356.15924072265625,347.8903503417969,345.5108642578125,351.7069396972656,342.1704406738281,338.9208984375,394.63995361328125,406.51129150390625,405.43646240234375,399.5916748046875,397.5881042480469,403.28179931640625,399.57061767578125,402.5514221191406,422.22723388671875,429.1060485839844,435.401123046875,424.00714111328125,420.82440185546875,424.3800964355469,425.7980041503906,424.4629211425781,505.8579406738281,507.4416198730469,506.3811950683594,505.32647705078125,504.3778991699219,509.7847595214844,507.6011047363281,501.48712158203125
5,WA-Male-Sentenced-ATSI,1092.2420654296875,1119.6495361328125,1108.137939453125,1108.5450439453125,1103.596923828125,1111.6956787109375,1117.9979248046875,1124.157958984375,1223.3865966796875,1213.396240234375,1214.60009765625,1212.993896484375,1193.9417724609375,1196.0875244140625,1196.22802734375,1189.5947265625,1323.3843994140625,1332.56494140625,1343.5550537109375,1356.0238037109375,1359.5513916015625,1372.775634765625,1383.3663330078125,1382.218505859375,1384.1878662109375,1389.96826171875,1393.4937744140625,1387.9619140625,1395.2655029296875,1380.740234375,1390.3323974609375,1392.02783203125
5,WA-Male-Sentenced-Non-ATSI,1655.342529296875,1689.2664794921875,1685.2772216796875,1677.75634765625,1651.6898193359375,1670.9683837890625,1682.2037353515625,1666.76318359375,1698.8507080078125,1705.5694580078125,1709.8514404296875,1693.5770263671875,1686.0714111328125,1658.855712890625,1686.726318359375,1668.321044921875,2189.50146484375,2189.1357421875,2185.1123046875,2165.03515625,2139.8974609375,2187.91845703125,2169.973388671875,2159.864013671875,2216.0732421875,2229.095703125,2249.8583984375,2244.738525390625,2219.864990234375,2257.994384765625,2265.97021484375,2268.3134765625
