Level,Description,1,2,3,4,5,6,7,8
1,Aggregated,33515.95703125,33840.1953125,33873.59765625,33969.3671875,33920.35546875,34395.88671875,34234.5703125,34231.453125
2,ACT,354.0279846191406,368.8081359863281,369.5773010253906,390.8912658691406,397.01861572265625,422.2871398925781,421.4541320800781,435.37109375
2,NSW,10789.2587890625,10885.70703125,10817.1591796875,10840.5478515625,10912.14453125,11007.0927734375,11041.806640625,11100.5771484375
2,NT,1641.11083984375,1691.798095703125,1699.8758544921875,1771.0062255859375,1814.7840576171875,1885.0860595703125,1896.824951171875,1961.9710693359375
2,QLD,7221.96337890625,7321.45751953125,7374.48291015625,7485.13720703125,7528.6376953125,7710.0966796875,7806.82861328125,7937.7470703125
2,SA,2724.798583984375,2825.5859375,2890.76806640625,2971.941650390625,3072.2080078125,3177.262939453125,3212.92333984375,3297.16748046875
2,TAS,456.68505859375,473.4835510253906,473.81243896484375,488.55194091796875,491.0615539550781,502.7005920410156,512.393798828125,522.9955444335938
2,VIC,6434.91064453125,6547.3369140625,6578.19677734375,6772.57373046875,6850.18359375,6965.19287109375,7022.6220703125,7189.11572265625
2,WA,5409.6826171875,5519.99365234375,5577.4521484375,5652.4296875,5759.01171875,5887.654296875,5946.43408203125,6068.58642578125
3,ACT-Female,16.74787139892578,18.11260223388672,19.09456443786621,18.92270851135254,19.081436157226562,19.861345291137695,19.792850494384766,19.27464485168457
3,ACT-Male,324.22418212890625,332.3829650878906,337.7906799316406,347.7557678222656,357.3493347167969,374.9013977050781,383.9111328125,398.7102355957031
3,NSW-Female,732.2398071289062,759.7608032226562,762.4570922851562,767.9326171875,786.103515625,823.6460571289062,840.2857666015625,836.4058837890625
3,NSW-Male,9971.3330078125,9904.55078125,9710.1396484375,9652.068359375,9569.8037109375,9632.626953125,9503.0537109375,9476.4775390625
3,NT-Female,119.64073181152344,124.04000854492188,125.43426513671875,133.31747436523438,140.3122100830078,149.6591339111328,153.17039489746094,159.60791015625
3,NT-Male,1476.492919921875,1500.8094482421875,1497.7850341796875,1523.0184326171875,1557.78125,1606.9404296875,1635.76171875,1666.6956787109375
3,QLD-Female,686.5191040039062,699.5065307617188,698.9431762695312,715.2062377929688,729.818359375,761.4967041015625,765.9347534179688,784.4818115234375
3,QLD-Male,6404.6962890625,6421.931640625,6313.259765625,6356.8662109375,6332.59375,6417.052734375,6373.12451171875,6406.35302734375
3,SA-Female,178.3783721923828,185.87246704101562,186.88214111328125,192.1368408203125,197.96978759765625,211.54896545410156,220.4510040283203,233.12232971191406
3,SA-Male,2504.75146484375,2546.586181640625,2534.89453125,2577.911376953125,2587.283447265625,2664.357666015625,2692.399658203125,2741.810546875
3,TAS-Female,25.838516235351562,28.650924682617188,31.242937088012695,31.332202911376953,28.575481414794922,33.735252380371094,36.35761260986328,36.36478042602539
3,TAS-Male,437.6034851074219,448.7363586425781,449.4932861328125,462.1741943359375,469.6913146972656,484.5688171386719,492.40167236328125,499.1894226074219
3,VIC-Female,439.1505126953125,450.4324035644531,454.5427551269531,466.9259338378906,478.5574645996094,498.8857116699219,504.8642272949219,515.5938720703125
3,VIC-Male,5899.69580078125,5903.68408203125,5846.70947265625,5843.94384765625,5822.76025390625,5864.4521484375,5860.98974609375,5899.05615234375
3,WA-Female,528.837890625,542.668701171875,547.1930541992188,563.294189453125,563.6475219726562,587.9005126953125,594.7455444335938,610.1858520507812
3,WA-Male,4823.67041015625,4846.65478515625,4795.74658203125,4798.18896484375,4796.8828125,4922.2197265625,4905.859375,4916.95947265625
4,ACT-Female-Remanded,4.793856620788574,4.999211311340332,4.8461785316467285,4.872512340545654,5.213375091552734,5.301827430725098,4.9369330406188965,4.904360771179199
4,ACT-Female-Sentenced,11.232666015625,12.3623685836792,13.202249526977539,12.047980308532715,11.915952682495117,12.053323745727539,12.08108901977539,11.234784126281738
4,ACT-Male-Remanded,91.03572082519531,96.43157958984375,96.29835510253906,94.48747253417969,94.07421112060547,100.75106811523438,102.2841567993164,99.0885238647461
4,ACT-Male-Sentenced,241.20777893066406,248.9447021484375,253.97727966308594,262.0415344238281,267.0356750488281,271.4686584472656,277.8318176269531,282.3747253417969
4,NSW-Female-Remanded,242.14686584472656,258.8510437011719,249.25872802734375,251.08937072753906,264.6448669433594,278.62091064453125,274.4482421875,276.3220520019531
4,NSW-Female-Sentenced,511.0157165527344,529.8883666992188,527.7410278320312,522.1959228515625,541.416259765625,559.420654296875,565.1537475585938,563.7175903320312
4,NSW-Male-Remanded,2949.380859375,3013.0546875,2987.9169921875,3037.380859375,3124.799560546875,3176.009521484375,3201.41748046875,3250.64013671875
4,NSW-Male-Sentenced,7102.06787109375,7134.65625,7142.81005859375,7125.478515625,7048.591796875,7069.748046875,7125.18212890625,7153.76123046875
4,NT-Female-Remanded,45.41764450073242,48.11014938354492,48.92667770385742,49.45896911621094,52.07036209106445,52.376041412353516,53.443946838378906,53.172996520996094
4,NT-Female-Sentenced,79.49405670166016,83.94840240478516,86.28231811523438,85.18318176269531,88.45813751220703,92.45879364013672,93.01587677001953,92.99000549316406
4,NT-Male-Remanded,442.5718688964844,455.5224914550781,449.0581359863281,462.97625732421875,488.56787109375,499.0436706542969,495.60992431640625,513.3184814453125
4,NT-Male-Sentenced,1064.8582763671875,1085.898193359375,1094.114013671875,1116.9287109375,1158.224609375,1188.748291015625,1220.8189697265625,1248.3134765625
4,QLD-Female-Remanded,168.17796325683594,178.00770568847656,179.71292114257812,181.8633270263672,186.80250549316406,198.34536743164062,197.50660705566406,194.53623962402344
4,QLD-Female-Sentenced,535.323486328125,549.71875,561.7822875976562,566.7984008789062,578.6394653320312,601.3622436523438,605.699462890625,608.8400268554688
4,QLD-Male-Remanded,1546.6898193359375,1606.8349609375,1602.5252685546875,1602.6981201171875,1687.9888916015625,1732.3909912109375,1748.3775634765625,1782.6707763671875
4,QLD-Male-Sentenced,4957.1005859375,4950.2470703125,4909.80078125,4985.99853515625,4990.37109375,5060.53125,5094.73828125,5199.35009765625
4,SA-Female-Remanded,79.62313842773438,84.64025115966797,84.95108795166016,84.72505950927734,89.79360961914062,94.76203155517578,93.7772216796875,92.90492248535156
4,SA-Female-Sentenced,103.1478042602539,106.43889617919922,108.93988800048828,112.2184066772461,115.35722351074219,118.77116394042969,121.04755401611328,122.4346694946289
4,SA-Male-Remanded,850.3260498046875,880.5626831054688,899.2661743164062,914.2880249023438,928.9742431640625,973.207763671875,987.1904296875,995.5247802734375
4,SA-Male-Sentenced,1698.944580078125,1728.1583251953125,1741.15283203125,1786.0533447265625,1823.3123779296875,1866.0107421875,1894.671630859375,1926.45849609375
4,TAS-Female-Remanded,6.797516822814941,4.80695104598999,3.8619911670684814,4.320290565490723,4.99044942855835,4.451690673828125,4.4785685539245605,4.628525257110596
4,TAS-Female-Sentenced,19.324918746948242,22.36229705810547,25.61165428161621,24.70319938659668,24.28782844543457,23.481876373291016,26.332969665527344,25.66811180114746
4,TAS-Male-Remanded,98.6336441040039,102.53961181640625,104.94820404052734,103.02548217773438,106.6720962524414,113.40943908691406,113.04431915283203,112.04322052001953
4,TAS-Male-Sentenced,350.41015625,365.3440246582031,358.2418212890625,364.6903076171875,385.1739807128906,396.3153991699219,403.8888244628906,405.0950012207031
4,VIC-Female-Remanded,125.24979400634766,127.67472076416016,132.9586944580078,136.97726440429688,139.8533935546875,145.9319610595703,149.117919921875,150.55908203125
4,VIC-Female-Sentenced,325.0322265625,335.5168151855469,339.07952880859375,341.6041564941406,349.890380859375,364.5336608886719,371.470458984375,364.99859619140625
4,VIC-Male-Remanded,1281.3538818359375,1314.9217529296875,1312.4862060546875,1345.990966796875,1370.4144287109375,1411.18994140625,1399.8355712890625,1420.900146484375
4,VIC-Male-Sentenced,4686.43359375,4698.20361328125,4737.44189453125,4799.44140625,4828.69189453125,4892.57421875,4916.26123046875,4998.46435546875
4,WA-Female-Remanded,149.9188995361328,153.4876708984375,159.2183837890625,158.59698486328125,163.31532287597656,167.86273193359375,169.614013671875,166.59188842773438
4,WA-Female-Sentenced,380.0898742675781,391.7849426269531,395.6408386230469,404.2696533203125,418.9531555175781,433.2344665527344,443.13470458984375,459.21893310546875
4,WA-Male-Remanded,1085.4046630859375,1126.84912109375,1136.0460205078125,1156.0302734375,1191.158447265625,1235.1998291015625,1254.124267578125,1252.8284912109375
4,WA-Male-Sentenced,3793.557861328125,3843.9736328125,3867.6494140625,3928.490234375,3930.7470703125,3993.862548828125,4044.314208984375,4092.666748046875
5,ACT-Female-Remanded-ATSI,1.0203022956848145,0.8398003578186035,1.0296509265899658,0.9689595699310303,1.2259116172790527,1.3988943099975586,1.0921194553375244,1.405150055885315
5,ACT-Female-Remanded-Non-ATSI,4.220408916473389,4.479012489318848,4.498571395874023,4.192783355712891,4.716266632080078,4.766960620880127,5.002651214599609,5.020138263702393
5,ACT-Female-Sentenced-ATSI,1.7788950204849243,1.7653344869613647,1.6125257015228271,1.7464358806610107,1.551074743270874,1.8221046924591064,2.0208146572113037,1.8522802591323853
5,ACT-Female-Sentenced-Non-ATSI,8.813490867614746,9.068122863769531,9.496484756469727,9.408805847167969,10.624669075012207,9.923162460327148,10.72104549407959,11.165120124816895
5,ACT-Male-Remanded-ATSI,17.596227645874023,17.62269401550293,18.078723907470703,19.124916076660156,19.568435668945312,20.175111770629883,21.902122497558594,20.507966995239258
5,ACT-Male-Remanded-Non-ATSI,70.73274993896484,73.83428955078125,72.46048736572266,70.44654083251953,71.78601837158203,71.3670654296875,70.32161712646484,69.30630493164062
5,ACT-Male-Sentenced-ATSI,42.30344772338867,43.9412727355957,44.412288665771484,43.73836898803711,43.42068099975586,43.91257095336914,42.96455001831055,43.867584228515625
5,ACT-Male-Sentenced-Non-ATSI,193.91297912597656,193.07176208496094,196.7164306640625,196.6474151611328,204.3179168701172,204.95143127441406,201.5847930908203,200.10118103027344
5,NSW-Female-Remanded-ATSI,78.36492919921875,80.53215026855469,81.59159851074219,81.03782653808594,85.61356353759766,89.7687759399414,88.71963500976562,90.05056762695312
5,NSW-Female-Remanded-Non-ATSI,155.16299438476562,158.66134643554688,156.4617462158203,159.02206420898438,160.82273864746094,165.97637939453125,163.87515258789062,167.06822204589844
5,NSW-Female-Sentenced-ATSI,168.2329864501953,172.95303344726562,172.7822265625,169.9186553955078,170.5993194580078,170.7732391357422,170.2606964111328,167.39764404296875
5,NSW-Female-Sentenced-Non-ATSI,336.4361877441406,341.1269226074219,343.7833557128906,335.7978820800781,344.11285400390625,349.2734680175781,356.2629699707031,355.5072937011719
5,NSW-Male-Remanded-ATSI,582.7028198242188,589.10009765625,582.1029663085938,583.0595092773438,598.2615966796875,615.2919921875,613.4175415039062,601.6348266601562
5,NSW-Male-Remanded-Non-ATSI,2310.867431640625,2312.331787109375,2292.4453125,2300.80126953125,2299.07568359375,2299.85595703125,2289.103759765625,2265.349853515625
5,NSW-Male-Sentenced-ATSI,1662.8118896484375,1672.6104736328125,1697.232177734375,1686.9893798828125,1671.182861328125,1691.4056396484375,1677.5238037109375,1691.380859375
5,NSW-Male-Sentenced-Non-ATSI,5439.57421875,5436.74169921875,5455.59375,5406.56396484375,5389.1552734375,5419.3505859375,5369.68798828125,5384.41064453125
5,NT-Female-Remanded-ATSI,37.84273147583008,39.46897888183594,38.45217514038086,39.708744049072266,39.76239776611328,39.63072204589844,39.77741241455078,41.41172409057617
5,NT-Female-Remanded-Non-ATSI,4.160765171051025,3.918602228164673,4.187873363494873,4.5712056159973145,4.805935859680176,4.604866027832031,4.994622707366943,4.871184825897217
5,NT-Female-Sentenced-ATSI,66.63335418701172,68.08415222167969,67.77920532226562,68.50949096679688,69.82869720458984,71.3702621459961,72.42053985595703,70.53107452392578
5,NT-Female-Sentenced-Non-ATSI,10.088615417480469,10.489407539367676,10.113151550292969,10.981314659118652,11.976967811584473,11.60074234008789,11.654914855957031,11.698773384094238
5,NT-Male-Remanded-ATSI,352.3399963378906,355.06842041015625,349.37384033203125,348.26519775390625,351.7859191894531,355.0749206542969,351.68670654296875,352.5088195800781
5,NT-Male-Remanded-Non-ATSI,70.7748031616211,70.01236724853516,69.59132385253906,70.54788208007812,71.96349334716797,72.57343292236328,75.4193344116211,72.66360473632812
5,NT-Male-Sentenced-ATSI,889.0891723632812,908.2020263671875,917.0177612304688,923.2572021484375,917.59033203125,924.5274047851562,923.1386108398438,927.3147583007812
5,NT-Male-Sentenced-Non-ATSI,144.76046752929688,149.03639221191406,148.20848083496094,148.5854034423828,151.1671142578125,159.85516357421875,162.27110290527344,162.53262329101562
5,QLD-Female-Remanded-ATSI,55.06955337524414,56.884559631347656,55.34467315673828,53.56396484375,55.25111770629883,56.564674377441406,58.301292419433594,57.13764190673828
5,QLD-Female-Remanded-Non-ATSI,108.79771423339844,110.5329818725586,111.01593017578125,109.14261627197266,110.69116973876953,112.80905151367188,111.12765502929688,110.44445037841797
5,QLD-Female-Sentenced-ATSI,181.4468994140625,181.21641540527344,183.58956909179688,178.7610321044922,184.51364135742188,189.00814819335938,185.15603637695312,182.657470703125
5,QLD-Female-Sentenced-Non-ATSI,336.2212829589844,336.241455078125,337.4340515136719,338.1082763671875,344.7493591308594,347.5340881347656,346.55157470703125,338.8802185058594
5,QLD-Male-Remanded-ATSI,407.0350036621094,422.8455505371094,418.3685302734375,409.78173828125,415.19537353515625,422.3125305175781,418.70513916015625,419.09161376953125
5,QLD-Male-Remanded-Non-ATSI,1086.659423828125,1107.9041748046875,1099.0003662109375,1087.9248046875,1077.18701171875,1089.068359375,1087.1365966796875,1051.74365234375
5,QLD-Male-Sentenced-ATSI,1625.6795654296875,1624.0810546875,1618.256103515625,1619.1026611328125,1612.0870361328125,1597.685546875,1594.518310546875,1578.4095458984375
5,QLD-Male-Sentenced-Non-ATSI,3300.757080078125,3309.90625,3302.603271484375,3307.86962890625,3258.576171875,3254.34130859375,3256.437744140625,3228.26416015625
5,SA-Female-Remanded-ATSI,22.4005069732666,24.378742218017578,24.348411560058594,23.655244827270508,24.596134185791016,25.674013137817383,25.488759994506836,24.56125259399414
5,SA-Female-Remanded-Non-ATSI,53.488731384277344,53.14445877075195,54.86021423339844,55.097286224365234,55.381736755371094,58.15031433105469,55.36102294921875,54.85443878173828
5,SA-Female-Sentenced-ATSI,25.406044006347656,26.663684844970703,27.352291107177734,26.493318557739258,29.826210021972656,30.46902847290039,30.637418746948242,30.72859001159668
5,SA-Female-Sentenced-Non-ATSI,76.52584075927734,78.25104522705078,80.28590393066406,79.66583251953125,80.57981872558594,80.88448333740234,81.52852630615234,82.27693176269531
5,SA-Male-Remanded-ATSI,214.2947540283203,223.82362365722656,219.94496154785156,219.14862060546875,221.60098266601562,223.5745391845703,222.20791625976562,219.8950958251953
5,SA-Male-Remanded-Non-ATSI,617.6893920898438,630.097900390625,624.3737182617188,622.0956420898438,625.1809692382812,641.0853881835938,639.58154296875,626.42578125
5,SA-Male-Sentenced-ATSI,337.2868957519531,341.4796142578125,339.0409240722656,345.19329833984375,345.794677734375,344.3238220214844,349.254150390625,346.7466735839844
5,SA-Male-Sentenced-Non-ATSI,1299.1168212890625,1306.7947998046875,1314.418212890625,1307.296630859375,1297.160888671875,1298.7943115234375,1297.328369140625,1282.3380126953125
5,TAS-Female-Remanded-ATSI,1.9402432441711426,1.8915525674819946,1.6321240663528442,1.7680162191390991,2.05313777923584,1.82673180103302,1.9724388122558594,1.6665741205215454
5,TAS-Female-Remanded-Non-ATSI,5.100589752197266,4.855907917022705,4.9235382080078125,5.060379981994629,5.037698268890381,5.284097194671631,5.2765655517578125,5.729691028594971
5,TAS-Female-Sentenced-ATSI,3.6015491485595703,4.35867166519165,4.857931613922119,5.073760986328125,5.79514741897583,6.532729148864746,6.228601932525635,6.503207206726074
5,TAS-Female-Sentenced-Non-ATSI,19.130325317382812,19.90863609313965,20.64858055114746,20.84352684020996,23.106029510498047,24.17020606994629,24.567026138305664,24.23615837097168
5,TAS-Male-Remanded-ATSI,18.428552627563477,20.119068145751953,19.275848388671875,18.3519344329834,19.873043060302734,20.834178924560547,20.820598602294922,20.96450424194336
5,TAS-Male-Remanded-Non-ATSI,77.31136322021484,77.5223617553711,77.857177734375,79.19449615478516,81.9570541381836,83.078369140625,84.99176025390625,85.88922119140625
5,TAS-Male-Sentenced-ATSI,51.77477264404297,52.3143424987793,53.8181266784668,52.94491958618164,54.90058135986328,55.025306701660156,57.22572708129883,59.42683792114258
5,TAS-Male-Sentenced-Non-ATSI,293.5075988769531,293.7960205078125,296.0976257324219,296.8114318847656,303.6468200683594,313.4907531738281,316.90533447265625,313.2108459472656
5,VIC-Female-Remanded-ATSI,18.419204711914062,18.446645736694336,18.433137893676758,17.685209274291992,17.968183517456055,18.434843063354492,17.645368576049805,17.91611099243164
5,VIC-Female-Remanded-Non-ATSI,104.66083526611328,103.29524230957031,102.93804931640625,104.56266784667969,104.71482849121094,103.84033203125,105.7242660522461,102.79608917236328
5,VIC-Female-Sentenced-ATSI,28.924814224243164,27.17426109313965,27.402633666992188,28.355327606201172,28.006704330444336,29.548768997192383,28.93393898010254,28.958282470703125
5,VIC-Female-Sentenced-Non-ATSI,287.9709167480469,292.3927917480469,293.0547180175781,293.14666748046875,294.0665283203125,299.7273864746094,299.06195068359375,295.90960693359375
5,VIC-Male-Remanded-ATSI,102.17927551269531,104.40646362304688,101.96927642822266,99.27421569824219,100.72293853759766,101.90104675292969,105.98909759521484,99.53485107421875
5,VIC-Male-Remanded-Non-ATSI,1121.332275390625,1120.54150390625,1109.4161376953125,1108.11962890625,1097.7470703125,1098.416015625,1089.133544921875,1069.520751953125
5,VIC-Male-Sentenced-ATSI,358.5008544921875,364.376220703125,368.63671875,365.2882385253906,371.32867431640625,378.9037170410156,374.2069091796875,366.4429931640625
5,VIC-Male-Sentenced-Non-ATSI,4296.02734375,4289.64404296875,4270.89501953125,4246.11572265625,4176.2841796875,4194.3095703125,4153.517578125,4144.64111328125
5,WA-Female-Remanded-ATSI,83.1962890625,85.56626892089844,83.77898406982422,83.81159973144531,83.271728515625,85.76409912109375,86.7689437866211,88.6971664428711
5,WA-Female-Remanded-Non-ATSI,60.82685852050781,61.904212951660156,60.23899841308594,63.03706741333008,60.69594192504883,62.019046783447266,65.2168197631836,61.474849700927734
5,WA-Female-Sentenced-ATSI,183.8336181640625,186.709716796875,188.34127807617188,187.4810333251953,190.14906311035156,192.39700317382812,192.28282165527344,196.02261352539062
5,WA-Female-Sentenced-Non-ATSI,185.11532592773438,186.68336486816406,185.96717834472656,188.26995849609375,196.88226318359375,198.01358032226562,204.9691619873047,202.41757202148438
5,WA-Male-Remanded-ATSI,431.40130615234375,433.0157775878906,430.2502136230469,428.6620178222656,434.98089599609375,441.4645690917969,437.3521728515625,435.18115234375
5,WA-Male-Remanded-Non-ATSI,625.0498657226562,635.0635375976562,632.3067626953125,631.6693725585938,625.0650024414062,635.0051879882812,631.6475830078125,622.7410278320312
5,WA-Male-Sentenced-ATSI,1410.3153076171875,1435.6004638671875,1433.9122314453125,1437.019775390625,1445.078125,1455.5469970703125,1462.167724609375,1462.3035888671875
5,WA-Male-Sentenced-Non-ATSI,2320.63232421875,2336.572998046875,2341.176025390625,2330.928466796875,2288.29443359375,2342.8544921875,2346.62109375,2311.974365234375
