Level,Description,1,2,3,4,5,6,7,8
1,Aggregated,30678.875,31489.8984375,31572.28125,31594.640625,31435.353515625,32099.783203125,32119.28125,32201.037109375
2,ACT,224.48831176757812,237.69944763183594,244.86370849609375,262.74285888671875,278.1303405761719,292.2937927246094,304.8067626953125,317.7161865234375
2,NSW,10287.39453125,10593.6484375,10567.9716796875,10448.310546875,10496.5078125,10742.8681640625,10658.048828125,10446.478515625
2,NT,1136.9539794921875,1171.3226318359375,1172.9364013671875,1162.2115478515625,1173.2899169921875,1164.99267578125,1171.7979736328125,1168.3712158203125
2,QLD,5573.359375,5686.2646484375,5627.92822265625,5578.2861328125,5465.32568359375,5627.1865234375,5511.962890625,5418.4755859375
2,SA,1979.4141845703125,2019.4755859375,2013.844970703125,1966.2310791015625,1979.6087646484375,1982.66796875,1973.435546875,1934.5118408203125
2,TAS,463.8241882324219,477.4378967285156,467.1839599609375,459.7702331542969,448.40985107421875,461.96832275390625,454.1829833984375,460.3434143066406
2,VIC,4573.80615234375,4674.34814453125,4675.80517578125,4659.0439453125,4581.732421875,4670.34228515625,4609.14208984375,4544.17822265625
2,WA,4712.02294921875,4844.189453125,4898.2119140625,4895.693359375,4850.87646484375,4927.9091796875,4910.3505859375,4849.95703125
3,ACT-Female,14.326911926269531,13.595450401306152,12.94298267364502,13.17721176147461,13.619726181030273,13.791088104248047,11.734861373901367,12.498091697692871
3,ACT-Male,206.1910858154297,214.7827606201172,222.9525604248047,231.2349395751953,242.1192626953125,264.06097412109375,288.6856994628906,312.2437438964844
3,NSW-Female,732.614990234375,744.555419921875,731.003173828125,724.5166625976562,695.3872680664062,703.6610717773438,686.114990234375,663.4513549804688
3,NSW-Male,9483.1611328125,9669.392578125,9680.3837890625,9586.494140625,9509.6328125,9575.6728515625,9402.83984375,9208.0517578125
3,NT-Female,49.53498077392578,51.54270935058594,51.80207061767578,50.75178909301758,49.29710006713867,52.34474563598633,50.85440444946289,51.24021911621094
3,NT-Male,1089.484375,1116.3118896484375,1106.8797607421875,1111.3218994140625,1079.393310546875,1085.2308349609375,1080.325439453125,1078.9610595703125
3,QLD-Female,403.1072692871094,404.8661193847656,402.5632629394531,398.2364807128906,387.6663513183594,390.6828308105469,377.0327453613281,373.77301025390625
3,QLD-Male,5169.54443359375,5287.8115234375,5289.74609375,5228.125,5172.29248046875,5213.5205078125,5119.96630859375,5028.71435546875
3,SA-Female,133.43710327148438,142.7747039794922,149.45120239257812,157.84906005859375,164.62782287597656,180.85507202148438,196.60821533203125,215.2218475341797
3,SA-Male,1829.8736572265625,1863.0999755859375,1865.4364013671875,1839.7215576171875,1787.2210693359375,1806.9195556640625,1775.348876953125,1731.437255859375
3,TAS-Female,35.82301712036133,37.12137222290039,36.631595611572266,33.98396682739258,34.534549713134766,35.76629638671875,36.93169021606445,34.110687255859375
3,TAS-Male,441.2867736816406,446.1038818359375,445.110107421875,436.4867858886719,410.5621032714844,410.9500732421875,412.9727783203125,406.28558349609375
3,VIC-Female,315.1648864746094,324.3095397949219,323.3536682128906,330.1833190917969,331.1640930175781,335.8265075683594,342.4111328125,346.1925048828125
3,VIC-Male,4276.525390625,4349.3974609375,4385.205078125,4370.1376953125,4275.771484375,4300.09716796875,4276.4501953125,4211.1572265625
3,WA-Female,381.40863037109375,392.3685607910156,398.7410583496094,402.99078369140625,402.45587158203125,413.5154113769531,412.9934997558594,412.02130126953125
3,WA-Male,4248.69287109375,4348.44970703125,4391.30419921875,4390.630859375,4339.77978515625,4370.4521484375,4317.373046875,4205.7578125
4,ACT-Female-Remanded,7.162079811096191,7.2229838371276855,7.727693557739258,7.866532802581787,9.85186767578125,8.397189140319824,7.475966930389404,7.259148597717285
4,ACT-Female-Sentenced,6.037603378295898,6.772809982299805,6.818587303161621,6.722433090209961,7.283524513244629,7.747181415557861,6.348796367645264,6.482850074768066
4,ACT-Male-Remanded,68.94586181640625,64.74722290039062,64.92474365234375,66.49932861328125,64.8047866821289,66.85680389404297,70.96038818359375,66.71614074707031
4,ACT-Male-Sentenced,130.90191650390625,134.03736877441406,129.3941650390625,127.18634033203125,123.89221954345703,125.13580322265625,121.64315032958984,114.11876678466797
4,NSW-Female-Remanded,190.99176025390625,192.84024047851562,181.12545776367188,169.59950256347656,160.5760498046875,154.29052734375,151.4416046142578,144.2535858154297
4,NSW-Female-Sentenced,529.4297485351562,520.0751342773438,511.8411560058594,485.177978515625,463.0485534667969,446.2385559082031,428.0654296875,390.281982421875
4,NSW-Male-Remanded,2308.80615234375,2294.958251953125,2255.59765625,2184.00146484375,2088.144287109375,2044.6939697265625,1977.95166015625,1876.573486328125
4,NSW-Male-Sentenced,6787.88720703125,6758.3330078125,6594.306640625,6434.6552734375,6189.4111328125,6166.03857421875,6015.12353515625,5795.60693359375
4,NT-Female-Remanded,10.501678466796875,11.350369453430176,11.7549467086792,11.749059677124023,13.920589447021484,13.286338806152344,13.675712585449219,13.267599105834961
4,NT-Female-Sentenced,39.1081657409668,41.008174896240234,39.436561584472656,36.06637954711914,36.442420959472656,35.8953742980957,35.10414505004883,33.95313262939453
4,NT-Male-Remanded,236.6789093017578,227.99386596679688,217.55618286132812,211.7949676513672,193.421875,196.6133270263672,191.8321075439453,184.86297607421875
4,NT-Male-Sentenced,820.0630493164062,803.2708740234375,779.4144287109375,756.7078247070312,716.2066040039062,706.9295654296875,687.0990600585938,621.7835693359375
4,QLD-Female-Remanded,84.76384735107422,88.50210571289062,85.26329803466797,82.76873779296875,83.4854507446289,83.6183853149414,81.25401306152344,78.3033447265625
4,QLD-Female-Sentenced,315.7037658691406,314.6159362792969,302.81298828125,287.35028076171875,273.48968505859375,268.3096923828125,257.2084045410156,236.02613830566406
4,QLD-Male-Remanded,1035.8935546875,1029.2723388671875,1002.77880859375,972.4586791992188,928.9092407226562,921.0723266601562,902.1705932617188,849.8592529296875
4,QLD-Male-Sentenced,3947.052978515625,3955.080322265625,3868.91748046875,3754.9638671875,3611.095947265625,3590.367919921875,3482.16943359375,3311.86083984375
4,SA-Female-Remanded,51.74544906616211,53.736942291259766,51.52507400512695,50.2314338684082,51.81680679321289,54.51742935180664,52.79707717895508,51.041568756103516
4,SA-Female-Sentenced,73.9071044921875,75.50297546386719,72.76203918457031,71.22254943847656,68.201416015625,68.20475006103516,68.3228988647461,67.70291900634766
4,SA-Male-Remanded,592.4564819335938,589.1475830078125,575.593994140625,555.1600341796875,525.0505981445312,515.033935546875,492.27142333984375,461.9212951660156
4,SA-Male-Sentenced,1174.34326171875,1162.6044921875,1130.879150390625,1087.814697265625,1026.8341064453125,1021.5345458984375,1017.1148071289062,927.2787475585938
4,TAS-Female-Remanded,8.031009674072266,8.770716667175293,8.457917213439941,9.414373397827148,9.612162590026855,9.829198837280273,9.754759788513184,9.602115631103516
4,TAS-Female-Sentenced,29.035545349121094,32.62100601196289,32.29257583618164,30.374788284301758,28.9267520904541,30.65913963317871,28.78988265991211,27.015037536621094
4,TAS-Male-Remanded,83.92474365234375,86.45954895019531,83.50392150878906,76.99700164794922,78.43362426757812,82.84415435791016,82.48357391357422,75.12400817871094
4,TAS-Male-Sentenced,351.9843444824219,347.95245361328125,337.9474792480469,317.788818359375,308.947998046875,307.8631591796875,293.4686584472656,271.9505310058594
4,VIC-Female-Remanded,68.18146514892578,71.45175170898438,68.19731140136719,67.09253692626953,63.35408020019531,65.82073974609375,64.37362670898438,63.20114517211914
4,VIC-Female-Sentenced,235.44607543945312,235.05540466308594,228.80960083007812,221.6968994140625,210.96827697753906,204.96456909179688,192.64593505859375,189.5345458984375
4,VIC-Male-Remanded,732.6448364257812,730.896484375,709.338134765625,676.2291870117188,643.0169067382812,629.9712524414062,603.3008422851562,565.0504150390625
4,VIC-Male-Sentenced,3361.447998046875,3349.853515625,3310.924560546875,3215.130615234375,3092.093505859375,3043.696533203125,2985.609619140625,2837.82080078125
4,WA-Female-Remanded,64.2193832397461,63.66090774536133,63.830326080322266,57.415000915527344,59.23146057128906,63.97893524169922,65.90406799316406,62.45311737060547
4,WA-Female-Sentenced,306.5232849121094,307.6695251464844,307.0569763183594,290.15869140625,272.5050048828125,268.8873291015625,250.0794219970703,233.14781188964844
4,WA-Male-Remanded,657.388916015625,658.7134399414062,645.3192749023438,610.5018310546875,586.2429809570312,582.7711181640625,551.66748046875,517.35205078125
4,WA-Male-Sentenced,3416.2041015625,3439.281494140625,3429.872314453125,3357.30517578125,3222.46826171875,3145.549560546875,3073.120361328125,2873.05224609375
5,ACT-Female-Remanded-ATSI,1.66034996509552,1.9846618175506592,1.7323848009109497,1.8581968545913696,2.0387935638427734,2.333063840866089,2.3498117923736572,2.141448497772217
5,ACT-Female-Remanded-Non-ATSI,7.615087985992432,7.206496715545654,7.114752292633057,6.999083042144775,7.029816627502441,7.486075401306152,7.332889556884766,7.5458221435546875
5,ACT-Female-Sentenced-ATSI,0.7824671268463135,1.167580485343933,1.3235831260681152,1.1680983304977417,1.2458243370056152,1.501673698425293,1.4179891347885132,1.2768490314483643
5,ACT-Female-Sentenced-Non-ATSI,5.994185447692871,6.581014633178711,6.826024532318115,6.956756114959717,6.511974334716797,7.117773056030273,6.665506362915039,6.335854530334473
5,ACT-Male-Remanded-ATSI,17.578567504882812,16.600908279418945,15.727231979370117,16.206871032714844,16.63079071044922,17.582927703857422,17.211803436279297,16.400146484375
5,ACT-Male-Remanded-Non-ATSI,58.72971725463867,57.2222785949707,54.86896514892578,56.8176383972168,59.622440338134766,59.23085403442383,60.909454345703125,58.700862884521484
5,ACT-Male-Sentenced-ATSI,16.48666000366211,16.62798309326172,15.26657772064209,14.670088768005371,14.389150619506836,14.15456485748291,14.769194602966309,13.95687198638916
5,ACT-Male-Sentenced-Non-ATSI,114.82868957519531,116.25534057617188,115.96029663085938,111.02169036865234,107.31613159179688,107.63125610351562,105.60150909423828,98.47643280029297
5,NSW-Female-Remanded-ATSI,54.61200714111328,54.69377136230469,54.22947311401367,54.682456970214844,56.931949615478516,55.45937728881836,54.510528564453125,55.52019500732422
5,NSW-Female-Remanded-Non-ATSI,142.6260223388672,145.69737243652344,144.68801879882812,142.9777069091797,141.94985961914062,139.6671142578125,141.54359436035156,139.0216522216797
5,NSW-Female-Sentenced-ATSI,146.99935913085938,149.94189453125,150.13381958007812,149.22265625,148.5508575439453,149.18508911132812,146.4207000732422,141.9681854248047
5,NSW-Female-Sentenced-Non-ATSI,387.983154296875,390.7281494140625,385.4682922363281,378.5419616699219,364.5980224609375,363.6399230957031,361.6247253417969,346.6853332519531
5,NSW-Male-Remanded-ATSI,441.5362854003906,443.4714660644531,432.6537780761719,432.0029602050781,430.19091796875,435.2768859863281,423.8554992675781,412.1689147949219
5,NSW-Male-Remanded-Non-ATSI,1885.2320556640625,1886.197021484375,1866.9573974609375,1852.89208984375,1803.624267578125,1785.1256103515625,1777.4638671875,1721.3135986328125
5,NSW-Male-Sentenced-ATSI,1553.894775390625,1539.153076171875,1531.6292724609375,1506.998779296875,1459.744140625,1446.7158203125,1431.219970703125,1415.373291015625
5,NSW-Male-Sentenced-Non-ATSI,5296.76220703125,5220.1923828125,5175.9501953125,5106.14990234375,4922.302734375,4864.5029296875,4766.23828125,4628.8681640625
5,NT-Female-Remanded-ATSI,9.961424827575684,10.86440372467041,10.146162986755371,10.510995864868164,12.03821849822998,12.55107593536377,12.134359359741211,12.33298110961914
5,NT-Female-Remanded-Non-ATSI,1.4514790773391724,1.6774499416351318,1.7962329387664795,1.6396782398223877,2.2026820182800293,2.1999528408050537,2.060640811920166,1.957358717918396
5,NT-Female-Sentenced-ATSI,32.42430114746094,32.26954650878906,32.04073715209961,31.655916213989258,29.9344482421875,30.900632858276367,31.489580154418945,30.30648422241211
5,NT-Female-Sentenced-Non-ATSI,5.699732780456543,6.916994571685791,7.1511335372924805,7.011165618896484,7.580628871917725,7.91254997253418,8.241943359375,8.117305755615234
5,NT-Male-Remanded-ATSI,209.02810668945312,205.94125366210938,197.3831787109375,194.73768615722656,190.9654083251953,191.1952667236328,189.58375549316406,182.25070190429688
5,NT-Male-Remanded-Non-ATSI,31.680694580078125,33.50323486328125,32.64570999145508,32.08350372314453,34.59612274169922,37.26682662963867,37.58407974243164,37.093963623046875
5,NT-Male-Sentenced-ATSI,677.9345092773438,672.2461547851562,668.9544677734375,652.419921875,642.2694091796875,640.1119995117188,631.2501220703125,616.9949340820312
5,NT-Male-Sentenced-Non-ATSI,149.76065063476562,155.3505401611328,151.1536865234375,146.69863891601562,149.62100219726562,148.8634033203125,144.96237182617188,136.83587646484375
5,QLD-Female-Remanded-ATSI,31.74060821533203,33.99913787841797,33.0748291015625,31.5972900390625,31.546585083007812,33.2398567199707,34.45466613769531,32.08523178100586
5,QLD-Female-Remanded-Non-ATSI,55.53825759887695,58.07851028442383,59.26817321777344,58.749977111816406,61.344573974609375,62.56289291381836,61.79930877685547,59.87590408325195
5,QLD-Female-Sentenced-ATSI,104.96952056884766,106.73748016357422,103.71700286865234,102.58485412597656,101.6659164428711,99.82966613769531,98.26880645751953,98.20944213867188
5,QLD-Female-Sentenced-Non-ATSI,218.14071655273438,218.08277893066406,217.94642639160156,216.19491577148438,212.1125946044922,214.6532440185547,215.1553955078125,206.7084197998047
5,QLD-Male-Remanded-ATSI,315.177978515625,318.84710693359375,314.1474304199219,312.9095458984375,304.65093994140625,300.4858703613281,296.92413330078125,292.4857482910156
5,QLD-Male-Remanded-Non-ATSI,770.8417358398438,782.5845336914062,775.631103515625,762.4922485351562,748.93896484375,761.8783569335938,744.8134155273438,718.1776123046875
5,QLD-Male-Sentenced-ATSI,1186.9853515625,1194.862060546875,1186.651123046875,1166.564208984375,1129.630859375,1127.84228515625,1098.052978515625,1079.660400390625
5,QLD-Male-Sentenced-Non-ATSI,2817.26806640625,2812.962646484375,2796.183837890625,2762.7197265625,2701.7353515625,2680.3076171875,2651.89697265625,2615.134521484375
5,SA-Female-Remanded-ATSI,15.02289867401123,16.51779556274414,16.079702377319336,15.73149299621582,16.638689041137695,18.59174919128418,18.03489112854004,18.355356216430664
5,SA-Female-Remanded-Non-ATSI,36.92963790893555,38.95538330078125,40.86003494262695,37.78017044067383,38.20989227294922,40.5160026550293,40.87901306152344,39.8648796081543
5,SA-Female-Sentenced-ATSI,20.635610580444336,20.324831008911133,21.317853927612305,20.968198776245117,20.70196533203125,20.141874313354492,19.7259521484375,19.614404678344727
5,SA-Female-Sentenced-Non-ATSI,54.997215270996094,55.9702262878418,56.97947311401367,56.17104721069336,54.86328887939453,56.346248626708984,57.196685791015625,57.05215072631836
5,SA-Male-Remanded-ATSI,191.3445281982422,188.4153289794922,187.34437561035156,179.5214385986328,175.54061889648438,180.15023803710938,176.45481872558594,171.93235778808594
5,SA-Male-Remanded-Non-ATSI,422.25299072265625,431.71038818359375,426.0323486328125,417.8219299316406,407.0193786621094,415.3734436035156,403.7977600097656,397.2093200683594
5,SA-Male-Sentenced-ATSI,248.94522094726562,251.089111328125,251.501953125,243.08282470703125,239.57632446289062,244.09783935546875,237.99342346191406,234.61151123046875
5,SA-Male-Sentenced-Non-ATSI,951.1444091796875,957.4920043945312,968.6014404296875,944.6116333007812,920.423583984375,917.1229858398438,903.1460571289062,879.377685546875
5,TAS-Female-Remanded-ATSI,2.5929794311523438,2.771027088165283,2.8693974018096924,2.458357334136963,2.5376439094543457,2.5855369567871094,2.834789514541626,2.2723679542541504
5,TAS-Female-Remanded-Non-ATSI,5.394475936889648,6.635707855224609,7.39346170425415,6.719593524932861,7.813887119293213,8.90084457397461,8.161663055419922,8.499238014221191
5,TAS-Female-Sentenced-ATSI,6.326466083526611,5.974194526672363,6.6947126388549805,7.0212907791137695,6.785254001617432,6.699850082397461,6.719488620758057,7.048173904418945
5,TAS-Female-Sentenced-Non-ATSI,22.137868881225586,22.5454044342041,22.70268440246582,24.089614868164062,24.1281795501709,23.849872589111328,24.33935546875,24.569948196411133
5,TAS-Male-Remanded-ATSI,18.635265350341797,18.819568634033203,18.70094108581543,17.75766372680664,17.447460174560547,18.129634857177734,17.700191497802734,17.5961971282959
5,TAS-Male-Remanded-Non-ATSI,69.71247863769531,75.1358413696289,75.013427734375,73.3044204711914,70.66869354248047,75.35516357421875,75.27239990234375,72.43544006347656
5,TAS-Male-Sentenced-ATSI,47.68531036376953,49.198604583740234,48.70811080932617,48.3203010559082,47.32756423950195,46.509002685546875,47.52248764038086,47.29958724975586
5,TAS-Male-Sentenced-Non-ATSI,318.6177062988281,321.7705993652344,326.8287658691406,314.1027526855469,311.67041015625,305.40386962890625,306.9147033691406,293.2362060546875
5,VIC-Female-Remanded-ATSI,7.609735488891602,7.646114349365234,7.834455966949463,7.088591575622559,8.159199714660645,8.085742950439453,8.187529563903809,8.098297119140625
5,VIC-Female-Remanded-Non-ATSI,62.00572204589844,63.51020431518555,64.14977264404297,60.972389221191406,59.879844665527344,63.02299118041992,62.341087341308594,60.66155242919922
5,VIC-Female-Sentenced-ATSI,19.59833335876465,18.763145446777344,17.892200469970703,18.085662841796875,18.110599517822266,17.739870071411133,17.302553176879883,16.153745651245117
5,VIC-Female-Sentenced-Non-ATSI,218.11228942871094,218.17713928222656,216.4362335205078,212.4329833984375,203.29185485839844,203.1979217529297,199.8153839111328,196.0159454345703
5,VIC-Male-Remanded-ATSI,45.45267105102539,45.518192291259766,44.962703704833984,45.43476867675781,46.52793502807617,46.67583465576172,47.396427154541016,46.78111267089844
5,VIC-Male-Remanded-Non-ATSI,702.2651977539062,701.65966796875,697.9254760742188,690.2920532226562,674.0491943359375,688.6383056640625,672.2434692382812,642.7086181640625
5,VIC-Male-Sentenced-ATSI,207.40451049804688,210.1642303466797,206.28872680664062,200.54127502441406,196.1294708251953,196.1833038330078,198.56808471679688,189.36358642578125
5,VIC-Male-Sentenced-Non-ATSI,3228.48876953125,3195.873291015625,3194.906005859375,3118.615234375,3031.30029296875,2953.0146484375,2908.22119140625,2844.89501953125
5,WA-Female-Remanded-ATSI,35.38938522338867,35.32135009765625,34.33372116088867,35.46975326538086,38.12557601928711,38.40803527832031,39.134220123291016,36.751590728759766
5,WA-Female-Remanded-Non-ATSI,30.938323974609375,31.394418716430664,31.309383392333984,30.554235458374023,31.808109283447266,33.643917083740234,34.92759323120117,34.86357879638672
5,WA-Female-Sentenced-ATSI,141.15170288085938,141.64926147460938,141.27667236328125,137.42552185058594,130.30355834960938,133.63546752929688,130.44688415527344,127.1737060546875
5,WA-Female-Sentenced-Non-ATSI,169.78140258789062,170.0897979736328,166.3501739501953,160.6077117919922,155.01895141601562,157.2063751220703,152.95826721191406,150.4423828125
5,WA-Male-Remanded-ATSI,267.9554443359375,266.0085754394531,262.6271667480469,260.8409729003906,258.4961853027344,263.5453796386719,258.7837829589844,254.17544555664062
5,WA-Male-Remanded-Non-ATSI,418.2469482421875,422.0162048339844,422.3245544433594,412.3506774902344,404.24224853515625,401.2280578613281,387.638916015625,369.4665832519531
5,WA-Male-Sentenced-ATSI,1303.9110107421875,1304.228759765625,1301.3876953125,1281.0751953125,1225.33837890625,1218.16943359375,1206.5654296875,1159.72119140625
5,WA-Male-Sentenced-Non-ATSI,2125.331787109375,2111.738525390625,2070.471923828125,2036.368896484375,1953.0126953125,1928.380615234375,1888.531005859375,1847.0562744140625
