Level,Description,1,2,3,4,5,6,7,8,9,10,11,12,13,14,15,16,17,18,19,20,21,22,23,24
1,Aggregated,26096.724609375,26771.41796875,26715.59765625,26758.599609375,26623.943359375,26966.90625,27397.173828125,27543.912109375,27833.021484375,28730.810546875,29021.892578125,29170.22265625,29087.5625,29344.951171875,28963.169921875,28573.515625,29002.65234375,29404.56640625,29305.23828125,29359.291015625,29300.701171875,29949.0625,29943.814453125,29997.033203125
2,ACT,169.3278045654297,167.93118286132812,163.77378845214844,173.4626007080078,181.0595245361328,179.71131896972656,175.71392822265625,177.72201538085938,169.25274658203125,175.38546752929688,176.83349609375,189.40708923339844,211.26913452148438,224.74085998535156,231.67160034179688,234.28146362304688,235.2473602294922,246.1870880126953,250.8179931640625,256.2001647949219,271.230712890625,283.6140441894531,285.4054870605469,285.81396484375
2,NSW,9596.5966796875,9776.3486328125,9779.8544921875,9735.9833984375,9687.6474609375,9909.24609375,10098.5283203125,10152.4716796875,10179.376953125,10465.4033203125,10507.26953125,10470.4931640625,10455.7333984375,10678.8525390625,10651.30078125,10626.4287109375,10130.4775390625,10379.978515625,10269.5849609375,10173.3681640625,10095.63671875,10310.349609375,10166.5146484375,10031.43359375
2,NT,821.8609008789062,857.2837524414062,852.8668823242188,870.1260375976562,885.7719116210938,907.9852294921875,896.5279541015625,910.777099609375,973.1875,1000.981201171875,992.4384765625,1012.0905151367188,1003.4596557617188,1039.6214599609375,1028.1085205078125,1057.441650390625,1165.1041259765625,1200.5343017578125,1221.396484375,1253.1087646484375,1276.3026123046875,1314.38916015625,1325.7972412109375,1370.0633544921875
2,QLD,5707.1181640625,5835.73974609375,5855.08984375,5802.63037109375,5746.14794921875,5835.076171875,5942.81396484375,6038.96533203125,5697.93798828125,5874.4619140625,5877.1005859375,5883.083984375,5896.22802734375,6049.80810546875,6045.8232421875,6079.44189453125,5548.828125,5697.54248046875,5664.40966796875,5687.26611328125,5662.505859375,5813.40966796875,5820.70751953125,5827.2822265625
2,SA,1683.1251220703125,1752.4185791015625,1773.8182373046875,1825.0972900390625,1846.2845458984375,1882.1612548828125,1903.3046875,1935.7913818359375,1960.430419921875,2028.4776611328125,2046.3953857421875,2092.949462890625,2101.738525390625,2173.79150390625,2190.19873046875,2205.222412109375,1961.1304931640625,2032.5885009765625,2051.658935546875,2075.49560546875,2064.845458984375,2158.7392578125,2190.853271484375,2227.37890625
2,TAS,536.8494262695312,551.3822021484375,552.27001953125,570.0831909179688,568.7826538085938,573.7962036132812,573.283447265625,574.3234252929688,505.7738037109375,521.7822265625,517.6107788085938,521.470458984375,512.6884765625,531.397216796875,535.017578125,543.1109008789062,470.56488037109375,483.3100891113281,486.5080261230469,496.55804443359375,495.3579406738281,514.942138671875,518.5559692382812,533.2662353515625
2,VIC,4000.770263671875,4088.482421875,4136.65771484375,4167.25,4119.7119140625,4176.97802734375,4289.56884765625,4401.13134765625,4382.841796875,4521.31396484375,4591.12744140625,4608.79248046875,4599.00390625,4725.3759765625,4738.888671875,4807.39599609375,4571.23046875,4691.8984375,4705.8349609375,4720.62744140625,4738.38818359375,4851.54150390625,4860.396484375,4911.1552734375
2,WA,3644.673583984375,3774.28955078125,3796.050048828125,3807.9755859375,3764.326904296875,3839.9013671875,3908.97412109375,4025.36572265625,3943.06103515625,4056.16064453125,4110.642578125,4188.6103515625,4169.60693359375,4262.5986328125,4285.72998046875,4346.2353515625,4644.5986328125,4804.6240234375,4844.00146484375,4872.1962890625,4871.2470703125,5036.88818359375,5076.4306640625,5122.0888671875
3,ACT-Female,12.767901420593262,12.812369346618652,13.011548042297363,12.938356399536133,13.178306579589844,12.728964805603027,11.799171447753906,11.214851379394531,13.616582870483398,13.217264175415039,11.51677417755127,10.418658256530762,10.755324363708496,11.64204216003418,11.223508834838867,11.1549654006958,11.942026138305664,12.256637573242188,12.907337188720703,12.086075782775879,11.834697723388672,13.156539916992188,11.561169624328613,11.450363159179688
3,ACT-Male,165.35394287109375,172.0199737548828,165.90518188476562,170.1370849609375,173.436279296875,173.5497283935547,174.61631774902344,175.19650268554688,154.6014862060547,160.89300537109375,159.42808532714844,160.91200256347656,160.3341827392578,162.3844451904297,164.6552276611328,168.6195068359375,200.79473876953125,205.52627563476562,204.3809356689453,207.7735595703125,207.64048767089844,213.0032501220703,214.9940185546875,217.27809143066406
3,NSW-Female,698.1083374023438,717.6980590820312,728.2080688476562,725.08154296875,720.8101806640625,735.22705078125,743.2305908203125,754.7756958007812,720.943359375,741.958740234375,737.072021484375,732.0712890625,722.2975463867188,733.0200805664062,731.8544921875,736.392578125,736.1401977539062,755.5122680664062,749.252197265625,748.8121948242188,743.9973754882812,766.4541015625,759.9253540039062,754.7938842773438
3,NSW-Male,8731.1064453125,8944.890625,8907.2275390625,8908.169921875,8882.751953125,8973.4619140625,9056.716796875,9111.7001953125,9179.0234375,9349.2197265625,9285.119140625,9277.5146484375,9163.431640625,9280.16796875,9255.6591796875,9116.099609375,9322.322265625,9435.259765625,9365.298828125,9238.455078125,9244.4755859375,9286.1240234375,9183.810546875,9043.6513671875
3,NT-Female,29.5078067779541,31.468280792236328,32.543052673339844,34.06675338745117,33.95750045776367,34.010921478271484,34.46857833862305,33.26244354248047,47.888057708740234,49.536521911621094,50.42982482910156,50.48550033569336,50.073638916015625,49.94856262207031,50.41803741455078,47.37714767456055,48.06058883666992,51.468292236328125,52.39091491699219,51.23158264160156,50.604129791259766,54.203277587890625,56.132652282714844,58.1456413269043
3,NT-Male,789.8707885742188,822.4119262695312,813.3211059570312,824.2705078125,824.1900634765625,827.4974365234375,844.2993774414062,854.5494995117188,927.3533325195312,947.828125,959.9840087890625,949.4755859375,948.0486450195312,964.3676147460938,953.4617919921875,957.0968627929688,1090.5255126953125,1124.2486572265625,1119.529541015625,1117.241943359375,1110.305419921875,1125.4381103515625,1131.836669921875,1118.51611328125
3,QLD-Female,412.0086669921875,416.1506042480469,409.5948181152344,412.55499267578125,403.7905578613281,400.9688720703125,413.7871398925781,419.4772644042969,440.0043640136719,452.14251708984375,453.8236083984375,450.2936096191406,442.5654296875,451.5110168457031,454.1478576660156,455.3629455566406,406.1764221191406,414.7976989746094,413.1910400390625,412.4576721191406,406.873779296875,425.0870056152344,422.7898254394531,423.9673767089844
3,QLD-Male,5264.0537109375,5401.62744140625,5403.26171875,5375.50341796875,5396.92919921875,5456.9443359375,5530.80419921875,5598.6123046875,5170.39501953125,5253.34375,5232.4111328125,5209.19384765625,5190.6806640625,5264.1123046875,5189.06591796875,5142.34326171875,5098.30078125,5217.36328125,5137.07470703125,5080.95361328125,5039.7001953125,5120.82080078125,5067.66259765625,5025.9853515625
3,SA-Female,101.22838592529297,105.4649887084961,102.54222106933594,107.23844146728516,106.7081527709961,107.45845794677734,108.6972427368164,110.15225982666016,121.06575775146484,126.59749603271484,128.09085083007812,131.53871154785156,128.9589080810547,136.35870361328125,137.2977752685547,140.0495147705078,127.01091003417969,132.79751586914062,134.1558837890625,137.4498748779297,137.0305938720703,140.94834899902344,142.70985412597656,142.87176513671875
3,SA-Male,1567.362060546875,1612.0042724609375,1600.5277099609375,1627.7794189453125,1611.4984130859375,1647.5933837890625,1686.04541015625,1712.329345703125,1814.8817138671875,1869.0775146484375,1880.93310546875,1886.2296142578125,1869.2069091796875,1900.3790283203125,1894.92236328125,1863.6455078125,1830.7601318359375,1877.7559814453125,1850.7276611328125,1852.03125,1813.6688232421875,1858.2950439453125,1844.5206298828125,1833.4686279296875
3,TAS-Female,40.71992492675781,42.12663650512695,43.701202392578125,45.359622955322266,45.28946304321289,44.34757995605469,43.4366569519043,41.83025360107422,34.393585205078125,35.30072784423828,36.54529571533203,34.897335052490234,34.83576583862305,37.13883972167969,38.95832061767578,37.678443908691406,33.725460052490234,37.155372619628906,37.29279327392578,34.26938247680664,34.9965934753418,37.86214828491211,38.739662170410156,38.529659271240234
3,TAS-Male,510.34649658203125,527.36474609375,524.4373779296875,520.5242309570312,515.1481323242188,514.4282836914062,523.0669555664062,528.353271484375,481.4569396972656,492.1797790527344,493.953857421875,495.7262268066406,493.38037109375,503.47412109375,494.36578369140625,494.03369140625,442.3580017089844,457.68450927734375,450.2039794921875,448.1177978515625,435.3548278808594,447.6500549316406,448.7517395019531,453.0507507324219
3,VIC-Female,244.6044464111328,252.0793914794922,249.28909301757812,248.367919921875,242.29165649414062,246.27713012695312,246.6801300048828,250.5303955078125,246.84970092773438,256.0033264160156,255.7941131591797,253.947509765625,249.39295959472656,258.170654296875,256.73681640625,256.9759216308594,308.7269592285156,316.60125732421875,324.9324035644531,324.075927734375,322.7629089355469,332.4315185546875,335.52740478515625,341.53814697265625
3,VIC-Male,3769.023193359375,3867.67333984375,3883.821533203125,3903.252197265625,3831.34619140625,3912.713623046875,3980.387451171875,4020.97314453125,4099.720703125,4211.70947265625,4225.2314453125,4237.41162109375,4210.54736328125,4272.68994140625,4259.45703125,4260.4619140625,4245.73193359375,4323.36962890625,4268.275390625,4224.9345703125,4184.76611328125,4239.580078125,4214.77587890625,4190.02734375
3,WA-Female,279.92376708984375,289.78021240234375,278.43023681640625,279.9635009765625,275.7750549316406,277.6857604980469,280.73016357421875,285.77984619140625,304.240966796875,314.2086181640625,318.3160095214844,322.10394287109375,318.060302734375,320.7973937988281,322.1611022949219,322.5885314941406,380.39044189453125,390.3716735839844,397.5613098144531,398.7620849609375,396.15838623046875,410.19366455078125,414.6011962890625,409.24078369140625
3,WA-Male,3338.280029296875,3436.932861328125,3449.332763671875,3469.441650390625,3467.07958984375,3534.51025390625,3563.590087890625,3622.414306640625,3610.4091796875,3703.60888671875,3719.142578125,3736.955078125,3669.017333984375,3721.636962890625,3708.0048828125,3672.19873046875,4196.38916015625,4290.38232421875,4286.9853515625,4290.134765625,4254.849609375,4324.7265625,4303.14599609375,4252.314453125
4,ACT-Female-Remanded,5.657049655914307,6.121710300445557,6.038909912109375,6.250589370727539,6.381514549255371,5.834096431732178,5.890015125274658,5.6670098304748535,8.899147987365723,8.470549583435059,8.2717866897583,8.595229148864746,8.875761032104492,8.419235229492188,7.909794330596924,8.168586730957031,7.602274417877197,7.6110358238220215,7.26386833190918,7.664612770080566,7.340890884399414,8.674569129943848,8.066764831542969,8.044925689697266
4,ACT-Female-Sentenced,7.059144020080566,7.745255470275879,8.397394180297852,8.67642593383789,9.321742057800293,9.020658493041992,8.693660736083984,8.398635864257812,5.60695743560791,5.926668643951416,5.178910732269287,5.382680892944336,6.4745001792907715,6.47749662399292,6.442416191101074,6.660569667816162,5.422542095184326,7.226266860961914,7.254019737243652,6.908497333526611,6.977060317993164,8.001721382141113,7.400871276855469,6.440281391143799
4,ACT-Male-Remanded,62.54848098754883,67.34803771972656,65.11046600341797,65.44275665283203,69.49883270263672,69.84037017822266,69.90521240234375,73.92314910888672,98.13330078125,99.61067199707031,102.1270523071289,105.32042694091797,105.43028259277344,106.7127456665039,108.68901062011719,107.72988891601562,76.56920623779297,79.8512191772461,77.1805419921875,76.06197357177734,78.88667297363281,83.90241241455078,86.05303192138672,85.20348358154297
4,ACT-Male-Sentenced,115.49720764160156,122.05774688720703,122.17593383789062,123.84683990478516,123.85334014892578,129.49000549316406,132.28736877441406,133.70919799804688,74.58570861816406,89.10835266113281,98.10667419433594,101.20836639404297,110.88226318359375,122.56866455078125,128.0357208251953,127.32180786132812,131.90492248535156,137.5252685546875,138.818115234375,140.41128540039062,143.1808624267578,147.246826171875,146.6036376953125,144.28208923339844
4,NSW-Female-Remanded,221.8187713623047,228.26394653320312,229.31280517578125,228.8590087890625,232.19178771972656,242.38902282714844,247.07229614257812,253.15782165527344,214.03512573242188,227.00885009765625,228.11764526367188,230.5568389892578,238.69320678710938,253.25367736816406,249.3081512451172,256.1816101074219,207.2235107421875,219.02774047851562,217.45423889160156,214.125244140625,221.32720947265625,232.7294921875,233.70867919921875,243.893310546875
4,NSW-Female-Sentenced,490.0504455566406,516.7833251953125,523.15087890625,528.93310546875,541.539794921875,564.8684692382812,581.5481567382812,603.7001342773438,529.5272216796875,557.163818359375,574.6534423828125,584.8865356445312,585.939697265625,613.4496459960938,633.4863891601562,641.2942504882812,561.037353515625,581.1033935546875,585.5948486328125,591.259765625,596.8450317382812,627.0117797851562,633.5919189453125,634.0574951171875
4,NSW-Male-Remanded,2110.58203125,2206.789306640625,2208.02294921875,2242.7509765625,2254.584228515625,2302.2861328125,2387.531494140625,2469.50341796875,2411.12841796875,2496.89208984375,2552.450439453125,2610.013671875,2632.283203125,2699.6376953125,2737.82568359375,2797.30615234375,2446.227783203125,2563.724609375,2572.23974609375,2569.95849609375,2616.740966796875,2697.25634765625,2737.783935546875,2756.02587890625
4,NSW-Male-Sentenced,6710.271484375,6925.671875,6901.29638671875,6939.09716796875,6875.951171875,6959.40185546875,7102.77490234375,7262.07568359375,6906.068359375,7131.78076171875,7247.83203125,7263.87744140625,7238.8232421875,7343.83837890625,7390.08056640625,7483.85498046875,7087.78515625,7280.84716796875,7371.03173828125,7361.86669921875,7275.06103515625,7468.93896484375,7439.2724609375,7398.15576171875
4,NT-Female-Remanded,9.8047513961792,12.40278434753418,12.923453330993652,13.353545188903809,13.313671112060547,14.109807014465332,14.2555570602417,12.990273475646973,14.690450668334961,14.628925323486328,14.919736862182617,14.271018028259277,14.262472152709961,15.003473281860352,13.66479206085205,12.59758186340332,11.133442878723145,12.193975448608398,11.82375431060791,11.845414161682129,12.239802360534668,13.002906799316406,13.421356201171875,12.73705768585205
4,NT-Female-Sentenced,21.02802848815918,22.28066062927246,23.12477684020996,22.490144729614258,22.876771926879883,23.668378829956055,23.312959671020508,23.19835662841797,33.58134841918945,35.05467987060547,36.09864044189453,35.80500030517578,37.62102508544922,38.49485778808594,39.11546325683594,38.66110610961914,37.971954345703125,40.461395263671875,41.395530700683594,41.01094055175781,42.266300201416016,43.50297927856445,43.68874740600586,43.49189758300781
4,NT-Male-Remanded,171.4795684814453,172.3811492919922,174.44027709960938,177.1531982421875,174.38641357421875,179.5828399658203,184.14195251464844,191.48744201660156,220.95310974121094,223.43556213378906,222.7273712158203,229.2248992919922,233.35031127929688,239.2197265625,240.081298828125,241.66522216796875,256.6355285644531,261.15185546875,259.73480224609375,261.6329345703125,265.2817077636719,272.5614318847656,274.9963684082031,286.0461730957031
4,NT-Male-Sentenced,649.6062622070312,698.8115234375,698.4981079101562,710.54248046875,720.7513427734375,747.6256103515625,782.9452514648438,788.1424560546875,738.1356811523438,773.7411499023438,790.60302734375,794.6171875,815.635986328125,856.6905517578125,862.3175659179688,895.7745971679688,864.8265380859375,893.5662841796875,901.926025390625,914.6408081054688,922.6008911132812,965.4093017578125,981.4976806640625,995.1663818359375
4,QLD-Female-Remanded,95.4159164428711,96.71600341796875,96.8512954711914,97.35216522216797,98.77411651611328,101.16458892822266,105.71524810791016,108.86079406738281,97.9135513305664,104.64177703857422,107.88236236572266,106.17337036132812,108.66134643554688,114.67537689208984,122.59988403320312,120.56620788574219,89.38258361816406,96.90066528320312,97.31193542480469,94.26470184326172,94.89165496826172,103.60578155517578,103.42424011230469,102.50546264648438
4,QLD-Female-Sentenced,321.0999450683594,340.89630126953125,349.5598449707031,348.1441955566406,357.7910461425781,356.9058532714844,378.0698547363281,389.6943664550781,354.5258483886719,365.5836486816406,367.8913269042969,379.7878723144531,390.7055358886719,394.1645202636719,404.7467041015625,421.4478454589844,330.78314208984375,354.0137939453125,355.5209655761719,353.0895080566406,362.83148193359375,375.2355041503906,380.9870300292969,385.094482421875
4,QLD-Male-Remanded,1132.10546875,1193.4261474609375,1208.8984375,1227.923583984375,1249.579833984375,1283.5594482421875,1318.1773681640625,1339.59912109375,1122.727294921875,1182.107666015625,1201.182373046875,1209.788330078125,1246.4520263671875,1311.672607421875,1339.161865234375,1361.4039306640625,1113.0255126953125,1148.95703125,1168.98095703125,1178.74951171875,1204.6005859375,1241.5697021484375,1263.7197265625,1279.773681640625
4,QLD-Male-Sentenced,4167.48291015625,4328.4990234375,4326.171875,4359.32666015625,4363.2109375,4485.587890625,4558.4052734375,4637.27880859375,4152.27099609375,4294.71826171875,4346.59423828125,4433.99658203125,4490.72216796875,4621.451171875,4663.72119140625,4709.83447265625,4120.8623046875,4272.48779296875,4309.6982421875,4326.1162109375,4344.2841796875,4458.41552734375,4502.05859375,4524.98583984375
4,SA-Female-Remanded,44.14351272583008,46.137901306152344,46.08822250366211,47.26022720336914,49.17919158935547,51.00469207763672,51.507205963134766,50.10332107543945,59.196624755859375,63.53348922729492,64.38958740234375,64.25167846679688,63.963645935058594,67.10194396972656,68.9874496459961,70.48788452148438,53.08233642578125,54.56418228149414,54.253421783447266,53.60920333862305,55.31199264526367,59.93866729736328,59.62956619262695,60.639339447021484
4,SA-Female-Sentenced,64.20066833496094,67.73348999023438,68.43863677978516,69.1259536743164,72.45943450927734,72.3468246459961,73.47822570800781,72.37044525146484,64.68984985351562,69.68174743652344,70.32666778564453,69.3542709350586,72.57655334472656,75.61368560791016,77.32510375976562,80.47930145263672,79.56652069091797,83.42859649658203,83.64527130126953,86.32943725585938,87.55906677246094,92.22962188720703,92.87449645996094,93.43286895751953
4,SA-Male-Remanded,527.2549438476562,562.9457397460938,570.4835205078125,585.0859985351562,581.805908203125,601.5790405273438,616.171142578125,636.4736328125,611.3206787109375,643.6627807617188,665.3432006835938,676.4111328125,682.9555053710938,716.4822387695312,735.6246337890625,751.8129272460938,627.1392822265625,664.4808959960938,668.6165771484375,672.2838134765625,681.0093994140625,718.19921875,725.7049560546875,738.5294799804688
4,SA-Male-Sentenced,1056.1651611328125,1107.57861328125,1120.63818359375,1141.7567138671875,1168.126953125,1192.72119140625,1226.7601318359375,1253.164306640625,1244.874267578125,1312.89599609375,1346.9136962890625,1389.923583984375,1409.9029541015625,1454.09912109375,1495.703857421875,1522.9412841796875,1253.6563720703125,1299.364501953125,1312.9010009765625,1322.0955810546875,1326.864501953125,1382.451416015625,1410.2294921875,1433.2310791015625
4,TAS-Female-Remanded,11.973673820495605,12.615496635437012,12.794072151184082,13.573404312133789,14.14582347869873,13.557793617248535,14.638736724853516,12.78691291809082,7.858099937438965,9.851764678955078,9.821582794189453,8.669873237609863,10.830961227416992,12.54434871673584,12.575474739074707,12.008842468261719,7.3311991691589355,9.07870864868164,8.791441917419434,8.211158752441406,9.062336921691895,10.386961936950684,10.407505989074707,10.437155723571777
4,TAS-Female-Sentenced,29.02016258239746,30.099946975708008,30.218381881713867,30.081188201904297,30.52167320251465,30.976608276367188,29.990089416503906,28.93019676208496,26.783143997192383,27.890972137451172,29.40682601928711,29.15178871154785,30.0177001953125,32.26472091674805,31.232666015625,32.043212890625,28.655834197998047,29.035831451416016,28.708263397216797,30.192298889160156,29.994522094726562,31.74205207824707,32.67117691040039,32.02405548095703
4,TAS-Male-Remanded,107.91949462890625,118.7532958984375,121.46754455566406,120.75523376464844,118.6397476196289,124.76388549804688,128.3982391357422,129.03346252441406,101.87989807128906,108.40217590332031,113.25943756103516,108.77582550048828,115.10928344726562,119.69440460205078,121.50798797607422,126.35848999023438,90.96525573730469,100.98876190185547,102.4141616821289,102.65655517578125,102.44886779785156,107.74931335449219,115.67719268798828,115.19303894042969
4,TAS-Male-Sentenced,412.7613830566406,432.1396789550781,434.0832824707031,440.4737854003906,446.93341064453125,472.8754577636719,483.8819580078125,497.82855224609375,399.9252014160156,423.298095703125,426.9305114746094,439.68780517578125,446.5548400878906,465.4581298828125,475.3328552246094,493.1980895996094,366.0543212890625,383.5506896972656,386.6455993652344,397.7185974121094,398.406494140625,419.31512451171875,427.5679931640625,423.54534912109375
4,VIC-Female-Remanded,49.818206787109375,55.29582977294922,56.47016143798828,56.75041198730469,60.353057861328125,61.643802642822266,62.56418991088867,65.35517120361328,66.21432495117188,71.78804779052734,72.7837142944336,71.06597137451172,72.15608215332031,78.30970764160156,79.7446060180664,81.25980377197266,71.58078002929688,75.60049438476562,77.33981323242188,75.63570404052734,76.9353256225586,81.70022583007812,82.97636413574219,84.14208984375
4,VIC-Female-Sentenced,201.11419677734375,215.42904663085938,215.91868591308594,215.03834533691406,217.53721618652344,228.67445373535156,235.5313262939453,237.80311584472656,190.17503356933594,198.68971252441406,202.45343017578125,206.88214111328125,208.15206909179688,219.80599975585938,222.4644317626953,225.590576171875,245.73049926757812,251.75875854492188,261.06719970703125,268.5714111328125,264.0345458984375,276.2779541015625,276.05230712890625,279.295654296875
4,VIC-Male-Remanded,704.1048583984375,724.5175170898438,742.1672973632812,754.6803588867188,771.0949096679688,784.7422485351562,813.060791015625,832.5400390625,816.9713745117188,844.15478515625,851.1461791992188,872.8577880859375,885.7631225585938,941.5863647460938,955.4370727539062,968.70751953125,769.2149658203125,802.780029296875,813.4747314453125,826.7933349609375,834.5640869140625,867.4703369140625,871.60205078125,883.493408203125
4,VIC-Male-Sentenced,3058.6083984375,3167.791748046875,3188.6650390625,3234.258544921875,3220.309326171875,3278.341796875,3362.72412109375,3464.158935546875,3343.6787109375,3467.43017578125,3539.93603515625,3599.75927734375,3648.1103515625,3722.105224609375,3811.42431640625,3822.525634765625,3532.3515625,3624.834228515625,3637.058349609375,3704.534423828125,3706.126953125,3784.905029296875,3828.234130859375,3847.950439453125
4,WA-Female-Remanded,65.61185455322266,66.76361083984375,65.2251968383789,67.08615112304688,67.62268829345703,69.89500427246094,70.69597625732422,70.21141052246094,84.69245147705078,84.61101531982422,86.02095794677734,86.33789825439453,88.52799224853516,89.72013092041016,95.56280517578125,94.80781555175781,66.68657684326172,69.66569519042969,71.80480194091797,67.30075073242188,71.10438537597656,75.5964126586914,75.9202651977539,76.67771911621094
4,WA-Female-Sentenced,219.29721069335938,232.26461791992188,229.29942321777344,234.3013458251953,238.7473602294922,248.98866271972656,251.84042358398438,256.8228759765625,228.6083984375,236.974365234375,242.45640563964844,245.61532592773438,248.4740753173828,260.8244934082031,261.82672119140625,271.9776306152344,321.7555236816406,335.85052490234375,344.39044189453125,341.2316589355469,348.5013732910156,363.7394714355469,358.9393005371094,364.7778015136719
4,WA-Male-Remanded,573.3587646484375,603.7366943359375,605.6771850585938,615.24072265625,624.5211791992188,638.75341796875,658.935546875,683.2770385742188,686.1646728515625,729.162109375,740.8773193359375,754.4302978515625,765.7249755859375,806.71875,832.1377563476562,843.5525512695312,704.5842895507812,746.6259765625,748.5510864257812,759.9942016601562,770.382568359375,799.8527221679688,796.8936157226562,812.1478881835938
4,WA-Male-Sentenced,2814.664794921875,2950.789306640625,2957.495361328125,2981.431640625,2985.06103515625,3086.66259765625,3164.57666015625,3238.891357421875,3006.847900390625,3089.817138671875,3165.05224609375,3264.6591796875,3259.802978515625,3353.91162109375,3378.993408203125,3423.34814453125,3587.546630859375,3707.701904296875,3742.242919921875,3787.435546875,3784.185546875,3862.306396484375,3939.059326171875,3936.215087890625
5,ACT-Female-Remanded-ATSI,0.4696432054042816,0.5675784349441528,0.6629006862640381,0.4490739107131958,0.41103553771972656,0.7808155417442322,0.4869823455810547,0.6648054122924805,1.8563578128814697,2.0681514739990234,2.063814163208008,1.8202831745147705,1.743904709815979,1.9962483644485474,2.100407600402832,2.0735316276550293,1.6237108707427979,1.5159274339675903,1.4395115375518799,1.2363591194152832,1.2107518911361694,1.4163886308670044,1.275861144065857,1.2361764907836914
5,ACT-Female-Remanded-Non-ATSI,5.507045269012451,5.563617706298828,5.486440658569336,4.793218612670898,4.9402265548706055,5.7079057693481445,6.004178047180176,5.744358062744141,6.259166717529297,6.444931507110596,6.509827613830566,7.0935845375061035,7.05795431137085,6.43294095993042,6.784948348999023,6.989590167999268,7.09524393081665,6.481263637542725,5.956633567810059,5.779569149017334,6.487830638885498,6.60572624206543,6.667922496795654,6.6302971839904785
5,ACT-Female-Sentenced-ATSI,0.40254396200180054,0.2172331064939499,0.24656301736831665,0.16913089156150818,0.13924303650856018,0.18292103707790375,0.09578678756952286,0.163530632853508,1.0377440452575684,0.7789741158485413,0.6336297988891602,0.5364533066749573,0.6000775098800659,0.44798219203948975,0.6354793310165405,0.39281708002090454,0.47240936756134033,0.9995707273483276,1.090869426727295,0.6906017065048218,0.7374055981636047,1.0541191101074219,1.0606873035430908,0.9399296045303345
5,ACT-Female-Sentenced-Non-ATSI,6.463638782501221,6.402436256408691,6.718664169311523,6.471564769744873,7.459209442138672,7.8660101890563965,8.068782806396484,7.664301872253418,5.209090709686279,5.574621677398682,5.455933094024658,5.48751163482666,6.809479713439941,6.812054634094238,6.054030418395996,6.358457088470459,6.243654727935791,6.673772811889648,6.750452995300293,6.511804103851318,6.800351142883301,7.462489128112793,7.356237411499023,7.316411018371582
5,ACT-Male-Remanded-ATSI,7.995118141174316,8.65666389465332,8.14885139465332,8.643654823303223,9.97905158996582,10.48345947265625,10.465903282165527,11.104153633117676,13.590033531188965,13.299134254455566,12.457730293273926,12.578253746032715,12.842453002929688,13.043506622314453,12.321954727172852,12.91481876373291,18.161109924316406,18.00852394104004,18.405506134033203,17.80990982055664,18.8106632232666,19.340560913085938,18.000316619873047,17.77410888671875
5,ACT-Male-Remanded-Non-ATSI,55.78190612792969,58.9753532409668,57.666778564453125,56.059661865234375,59.6875,58.380531311035156,60.53553009033203,60.431922912597656,82.68328857421875,84.68533325195312,81.80493927001953,84.70053100585938,86.23676300048828,85.54698944091797,86.64644622802734,86.37041473388672,59.82791519165039,61.30164337158203,61.64101791381836,59.19927215576172,64.57237243652344,67.87122344970703,67.35858154296875,64.24730682373047
5,ACT-Male-Sentenced-ATSI,12.725261688232422,10.277649879455566,10.148781776428223,9.142122268676758,8.777804374694824,8.742982864379883,10.068359375,10.12570858001709,8.946369171142578,9.114704132080078,9.652539253234863,10.283294677734375,10.40753173828125,10.792972564697266,11.36330509185791,10.741397857666016,15.86821174621582,15.242542266845703,14.379007339477539,14.0304536819458,14.70359992980957,14.876832962036133,15.970333099365234,14.753965377807617
5,ACT-Male-Sentenced-Non-ATSI,100.35726165771484,104.2906265258789,105.28289031982422,110.2485122680664,112.4127197265625,114.3167953491211,115.66230773925781,118.55415344238281,62.423439025878906,68.23546600341797,69.13338470458984,69.43060302734375,76.37454986572266,80.55191802978516,77.77037811279297,78.04257202148438,114.03874206542969,117.33521270751953,121.28076171875,117.89293670654297,118.0292739868164,119.32511138916016,116.2157211303711,112.90328979492188
5,NSW-Female-Remanded-ATSI,64.05022430419922,63.92084884643555,65.35472869873047,64.2910385131836,64.21569061279297,68.88185119628906,67.75518798828125,68.11711883544922,59.45624542236328,60.26797866821289,59.693199157714844,59.88217544555664,62.630958557128906,65.69933319091797,66.92838287353516,69.35443115234375,59.974849700927734,59.91209411621094,58.146705627441406,62.06593704223633,63.1293830871582,64.4168472290039,61.91670227050781,60.0231819152832
5,NSW-Female-Remanded-Non-ATSI,156.12295532226562,164.69935607910156,164.1585235595703,166.67808532714844,168.66232299804688,171.2058868408203,168.76943969726562,172.58978271484375,156.4009246826172,159.66844177246094,167.234375,162.78260803222656,167.0811004638672,173.59164428710938,174.47337341308594,168.5438232421875,147.4296417236328,158.53175354003906,156.90304565429688,155.232666015625,157.24998474121094,163.51783752441406,170.04739379882812,163.6321258544922
5,NSW-Female-Sentenced-ATSI,142.0009307861328,150.673828125,151.5141143798828,149.12510681152344,154.9136199951172,159.24496459960938,164.35804748535156,162.6953125,151.42665100097656,166.73728942871094,170.20985412597656,169.73948669433594,173.44895935058594,178.77565002441406,177.4753875732422,179.4426727294922,152.73016357421875,160.37863159179688,161.6809539794922,158.99066162109375,161.8903350830078,167.78778076171875,165.3363494873047,168.0471954345703
5,NSW-Female-Sentenced-Non-ATSI,344.3742370605469,358.0061340332031,361.73358154296875,368.8937683105469,385.58074951171875,389.7509460449219,400.1801452636719,409.91351318359375,379.7304382324219,389.8999328613281,397.0751037597656,403.069091796875,404.6676330566406,415.06463623046875,425.9746398925781,435.6522521972656,397.58270263671875,408.6348876953125,413.2705993652344,426.0152282714844,430.5509033203125,445.35498046875,436.5556335449219,438.0440368652344
5,NSW-Male-Remanded-ATSI,393.1372375488281,414.4100646972656,413.4685363769531,424.9219665527344,436.6559143066406,443.95849609375,449.9971618652344,462.7982177734375,453.0064392089844,467.80767822265625,469.7063293457031,482.1142883300781,500.26959228515625,514.4868774414062,521.7593994140625,525.2955932617188,452.4278259277344,486.36083984375,480.1554260253906,474.2945251464844,474.4721984863281,500.409423828125,502.22711181640625,495.88214111328125
5,NSW-Male-Remanded-Non-ATSI,1701.7198486328125,1764.92236328125,1779.427734375,1825.657958984375,1829.2586669921875,1873.6461181640625,1904.4278564453125,1946.812255859375,1926.0352783203125,1985.049560546875,2017.3675537109375,2079.453369140625,2077.363037109375,2159.9599609375,2171.491943359375,2187.1748046875,1959.1749267578125,2027.2286376953125,2024.3485107421875,2039.577880859375,2042.9560546875,2117.501220703125,2122.488525390625,2131.55615234375
5,NSW-Male-Sentenced-ATSI,1380.3634033203125,1433.8658447265625,1437.7264404296875,1466.2762451171875,1482.3294677734375,1523.1131591796875,1535.2315673828125,1587.6629638671875,1458.3580322265625,1528.8873291015625,1578.4842529296875,1610.2965087890625,1606.595703125,1647.9847412109375,1672.605712890625,1709.142578125,1593.44970703125,1639.9931640625,1650.011962890625,1671.3218994140625,1660.2879638671875,1690.8204345703125,1716.588134765625,1739.5404052734375
5,NSW-Male-Sentenced-Non-ATSI,5351.7021484375,5488.162109375,5478.5869140625,5556.36181640625,5539.501953125,5665.8125,5761.4951171875,5867.7744140625,5485.14208984375,5668.85888671875,5742.333984375,5807.5615234375,5723.71337890625,5867.2275390625,5884.65087890625,5883.22314453125,5414.10107421875,5569.64599609375,5606.80224609375,5656.6640625,5579.35205078125,5733.00830078125,5717.49462890625,5731.40869140625
5,NT-Female-Remanded-ATSI,8.201290130615234,8.726956367492676,8.16323471069336,7.824204921722412,8.86983871459961,9.363408088684082,9.164752960205078,9.057024002075195,12.697914123535156,13.332276344299316,13.052694320678711,12.72559928894043,12.91307544708252,13.696748733520508,13.57706356048584,13.25705337524414,10.163736343383789,10.94228744506836,10.833261489868164,11.018521308898926,12.438953399658203,14.0186185836792,13.0922212600708,13.660604476928711
5,NT-Female-Remanded-Non-ATSI,1.3116865158081055,1.8741061687469482,1.8799031972885132,2.2249350547790527,2.7559468746185303,2.839198112487793,2.906740665435791,2.8201637268066406,1.8378469944000244,1.4619064331054688,1.4375369548797607,1.2365716695785522,1.2449904680252075,1.316571831703186,1.4192909002304077,1.4536378383636475,1.351043701171875,1.2876765727996826,1.2396999597549438,1.2771207094192505,1.430229902267456,1.3197901248931885,1.2250500917434692,1.3036246299743652
5,NT-Female-Sentenced-ATSI,13.014317512512207,14.074440002441406,13.516280174255371,12.816790580749512,14.547532081604004,14.57410717010498,15.360254287719727,14.285028457641602,27.95562744140625,29.423809051513672,29.741470336914062,28.386993408203125,29.20606231689453,30.504364013671875,29.019756317138672,28.032773971557617,32.68427658081055,33.14756774902344,33.37385940551758,32.98349380493164,32.53056716918945,32.5956916809082,34.19758224487305,31.635093688964844
5,NT-Female-Sentenced-Non-ATSI,8.153646469116211,7.821505546569824,7.365533351898193,6.654514789581299,7.11634635925293,7.506418228149414,8.290580749511719,8.384201049804688,5.5952067375183105,6.55927038192749,6.228603839874268,6.150964260101318,6.254987716674805,6.961098670959473,7.558712482452393,6.945678234100342,5.970260143280029,6.5699782371521,6.489032745361328,6.811935901641846,7.494070053100586,7.98559045791626,7.894643783569336,7.6409525871276855
5,NT-Male-Remanded-ATSI,146.595458984375,151.1857147216797,151.16522216796875,155.427978515625,155.9220428466797,154.7486114501953,157.5672149658203,158.1756591796875,172.1823272705078,178.4156494140625,176.30186462402344,179.1471710205078,181.0828094482422,185.7184600830078,187.23733520507812,189.16481018066406,220.48736572265625,216.57131958007812,210.36627197265625,218.11537170410156,223.37673950195312,228.05923461914062,227.60357666015625,233.74325561523438
5,NT-Male-Remanded-Non-ATSI,28.453462600708008,30.11671257019043,30.36422348022461,30.598108291625977,31.85750389099121,32.734580993652344,33.80493927001953,33.88394546508789,44.095420837402344,42.88478088378906,41.67180633544922,41.32232666015625,42.36762237548828,41.97480010986328,40.125770568847656,41.86073303222656,33.74983215332031,38.5107421875,38.92762756347656,36.92775344848633,37.915462493896484,40.97711944580078,40.957550048828125,40.9600944519043
5,NT-Male-Sentenced-ATSI,518.8328247070312,544.2119140625,542.8323364257812,553.1932373046875,571.2349853515625,590.60888671875,606.1549072265625,611.3697509765625,612.64599609375,638.6318359375,643.1836547851562,652.9868774414062,655.3643798828125,681.5282592773438,686.0426635742188,706.7310791015625,701.198974609375,710.0491943359375,707.9219360351562,710.0083618164062,717.757568359375,740.3080444335938,743.782470703125,744.1564331054688
5,NT-Male-Sentenced-Non-ATSI,120.46501922607422,125.54864501953125,123.83805847167969,126.45109558105469,131.06507873535156,139.34339904785156,139.1069793701172,138.26766967773438,127.26146697998047,131.80699157714844,132.7461395263672,133.8139190673828,132.55072021484375,138.6418914794922,137.60328674316406,133.79940795898438,156.94857788085938,162.99026489257812,161.39920043945312,160.1697998046875,160.297607421875,163.9583282470703,163.43516540527344,159.97048950195312
5,QLD-Female-Remanded-ATSI,29.770578384399414,29.2330322265625,29.623584747314453,28.59986114501953,29.113534927368164,29.6480712890625,30.577028274536133,30.6561279296875,30.369565963745117,34.60274124145508,34.23394012451172,32.53690719604492,33.54153823852539,35.735836029052734,36.90281677246094,35.004119873046875,31.703819274902344,33.994842529296875,33.48451614379883,31.181407928466797,33.08586883544922,34.5833625793457,33.920692443847656,33.11087417602539
5,QLD-Female-Remanded-Non-ATSI,66.77803802490234,67.41148376464844,69.07029724121094,68.76602935791016,72.03929901123047,72.32400512695312,71.67694854736328,72.3508071899414,66.20035552978516,69.30394744873047,71.26676940917969,70.30976104736328,73.19009399414062,77.48807525634766,80.34724426269531,77.32474517822266,56.61659622192383,58.79402160644531,58.267642974853516,58.16426086425781,61.24072265625,65.68006134033203,64.53470611572266,62.668663024902344
5,QLD-Female-Sentenced-ATSI,88.41426849365234,95.10072326660156,93.69821166992188,93.027587890625,93.2614517211914,95.75202178955078,99.141845703125,98.62074279785156,87.53801727294922,91.1397933959961,92.95401763916016,92.22721099853516,99.68997955322266,100.64212799072266,101.02143096923828,100.57491302490234,111.28865814208984,110.1755142211914,112.88217163085938,111.0040054321289,112.49305725097656,117.75334930419922,116.68982696533203,118.38290405273438
5,QLD-Female-Sentenced-Non-ATSI,233.68919372558594,243.88241577148438,250.71205139160156,250.28732299804688,253.41940307617188,261.30242919921875,264.14251708984375,263.8243408203125,270.712890625,277.5945739746094,276.8215026855469,284.73931884765625,295.3845520019531,293.7192687988281,295.44854736328125,297.6009521484375,225.57347106933594,238.12367248535156,239.6217498779297,240.6648712158203,237.49688720703125,248.9084014892578,248.24497985839844,248.44952392578125
5,QLD-Male-Remanded-ATSI,270.9264831542969,280.2691345214844,283.2874755859375,289.1611633300781,293.9250793457031,302.6206359863281,312.81866455078125,315.6173095703125,282.59356689453125,303.174072265625,305.75152587890625,314.1243896484375,319.22772216796875,329.9143981933594,334.28497314453125,338.49462890625,324.9869079589844,331.4894714355469,324.6097412109375,323.5291442871094,338.7803649902344,346.4495849609375,347.6836853027344,353.3554382324219
5,QLD-Male-Remanded-Non-ATSI,868.6952514648438,908.5039672851562,911.3226928710938,931.2691650390625,947.4482421875,969.3299560546875,990.683349609375,1006.5022583007812,831.8201293945312,875.556396484375,891.3896484375,908.529052734375,923.8972778320312,967.4821166992188,982.3797607421875,998.8819580078125,788.9573974609375,814.20751953125,825.55322265625,836.6997680664062,849.4071044921875,876.609375,887.1539916992188,893.7705688476562
5,QLD-Male-Sentenced-ATSI,1145.6505126953125,1190.05029296875,1201.4100341796875,1214.9786376953125,1223.8985595703125,1243.5323486328125,1293.9945068359375,1302.8505859375,1096.4925537109375,1161.3277587890625,1173.9906005859375,1197.531982421875,1210.4180908203125,1266.546630859375,1281.2796630859375,1297.03271484375,1224.752197265625,1270.000244140625,1269.985107421875,1288.457275390625,1283.131103515625,1308.58349609375,1319.765869140625,1333.3258056640625
5,QLD-Male-Sentenced-Non-ATSI,3028.44775390625,3120.9462890625,3123.08447265625,3178.849609375,3191.2900390625,3270.39013671875,3326.78271484375,3427.256591796875,3025.76171875,3121.225341796875,3186.908447265625,3257.63525390625,3236.303955078125,3322.962890625,3360.363037109375,3421.0634765625,2895.682861328125,2990.14404296875,3018.47119140625,3052.435302734375,3047.414794921875,3113.620849609375,3144.6064453125,3174.253173828125
5,SA-Female-Remanded-ATSI,10.534926414489746,11.293441772460938,11.320350646972656,11.616341590881348,11.62260913848877,12.54642105102539,13.156970024108887,12.10705280303955,14.472167015075684,14.061358451843262,14.390209197998047,14.072983741760254,16.061111450195312,16.610950469970703,16.20459747314453,16.062725067138672,15.0938138961792,16.196117401123047,15.28938102722168,14.939826965332031,16.26976203918457,17.239540100097656,16.436147689819336,17.37222671508789
5,SA-Female-Remanded-Non-ATSI,32.02727508544922,33.724334716796875,32.504638671875,32.49480056762695,34.3715934753418,34.89600372314453,36.617774963378906,35.600341796875,44.676918029785156,47.12838363647461,44.85777282714844,45.542274475097656,46.98263931274414,49.34213638305664,49.27650451660156,47.783878326416016,38.19255447387695,39.298519134521484,40.36351013183594,38.99541473388672,40.49607849121094,39.895591735839844,39.49864959716797,39.25193405151367
5,SA-Female-Sentenced-ATSI,15.455464363098145,14.781569480895996,15.022273063659668,15.101720809936523,15.00827407836914,16.055278778076172,16.086040496826172,16.38145637512207,12.746063232421875,13.638811111450195,13.90537166595459,14.916970252990723,16.2683048248291,17.728485107421875,17.00837516784668,17.627172470092773,20.445476531982422,19.5634822845459,20.140573501586914,19.657638549804688,20.712398529052734,20.33102798461914,19.667015075683594,20.047359466552734
5,SA-Female-Sentenced-Non-ATSI,49.84360122680664,51.0761833190918,51.62565994262695,50.629661560058594,52.27831268310547,54.74481964111328,53.2219352722168,54.17288589477539,51.44649124145508,55.05581283569336,55.20113754272461,54.451690673828125,56.171531677246094,58.76567459106445,59.731815338134766,58.77117919921875,58.97870635986328,63.75737380981445,61.56359100341797,64.66756439208984,62.552162170410156,64.53723907470703,64.57776641845703,63.16227340698242
5,SA-Male-Remanded-ATSI,113.30162811279297,115.483154296875,113.45387268066406,115.11962127685547,119.90823364257812,124.15080261230469,124.98307037353516,127.4047622680664,163.35543823242188,169.8527069091797,169.36180114746094,168.12535095214844,173.3656768798828,177.7884521484375,180.9851837158203,176.87937927246094,195.2510223388672,195.78292846679688,194.4718780517578,199.10035705566406,198.34835815429688,201.7381591796875,198.924560546875,191.88629150390625
5,SA-Male-Remanded-Non-ATSI,411.11346435546875,435.9474792480469,434.53424072265625,440.29608154296875,444.8973388671875,451.7431335449219,468.0924987792969,477.9862060546875,434.68060302734375,466.4527893066406,480.9322509765625,480.8674621582031,503.0914306640625,517.8349609375,535.3915405273438,531.8907470703125,433.3130798339844,457.125,456.8904113769531,460.2210388183594,467.65130615234375,481.2558288574219,495.3049621582031,494.6769714355469
5,SA-Male-Sentenced-ATSI,192.61912536621094,199.6241912841797,199.68063354492188,199.95877075195312,201.63070678710938,203.66188049316406,212.43869018554688,220.18824768066406,235.0050048828125,240.1857147216797,243.8236846923828,243.84527587890625,246.2651824951172,250.30081176757812,252.7840118408203,255.61805725097656,255.4496612548828,262.96661376953125,267.7582702636719,269.6855163574219,275.7810974121094,287.60675048828125,287.69146728515625,284.1559753417969
5,SA-Male-Sentenced-Non-ATSI,861.726806640625,892.0590209960938,905.2753295898438,924.2757568359375,937.7137451171875,965.5970458984375,981.63427734375,1013.0032348632812,1008.3719482421875,1053.5748291015625,1068.660888671875,1099.2999267578125,1096.154541015625,1135.093505859375,1159.3466796875,1170.0667724609375,974.2003784179688,1013.6997680664062,1021.008544921875,1029.5029296875,1032.6412353515625,1071.578125,1068.9010009765625,1068.2130126953125
5,TAS-Female-Remanded-ATSI,2.567514181137085,2.5836100578308105,2.6491732597351074,2.926332950592041,3.0681960582733154,2.8872222900390625,3.1100072860717773,3.523151159286499,2.414611577987671,2.289519786834717,2.557481288909912,2.4554762840270996,2.8261544704437256,3.161205768585205,2.945777177810669,2.8962671756744385,2.3560855388641357,2.3649606704711914,1.9161688089370728,1.9617761373519897,2.337078094482422,2.412322521209717,2.327554225921631,2.5358798503875732
5,TAS-Female-Remanded-Non-ATSI,8.47497844696045,9.359469413757324,8.844032287597656,8.609883308410645,8.64335823059082,8.781042098999023,9.399697303771973,9.964517593383789,6.639999866485596,7.289620399475098,7.833125591278076,6.054962635040283,6.8885178565979,8.00481128692627,7.889045715332031,7.3357133865356445,5.287094593048096,6.380143642425537,6.242725849151611,6.080849647521973,6.806092262268066,8.088835716247559,8.012015342712402,8.04590892791748
5,TAS-Female-Sentenced-ATSI,4.594280242919922,4.852357864379883,4.380385398864746,4.360971927642822,4.707342147827148,5.117622375488281,5.057947158813477,5.237514972686768,5.241079807281494,5.5352888107299805,5.952513694763184,4.859035491943359,5.194860458374023,5.6164069175720215,6.334638595581055,6.809251308441162,6.38847541809082,5.828606128692627,5.91513204574585,6.806030750274658,7.025531768798828,6.08526086807251,6.985392093658447,7.61588191986084
5,TAS-Female-Sentenced-Non-ATSI,24.83998680114746,25.63055419921875,25.915382385253906,25.194976806640625,25.16139793395996,26.383010864257812,25.53021240234375,24.14899253845215,20.262292861938477,22.28014373779297,22.591516494750977,23.59096336364746,23.863065719604492,25.201614379882812,25.115251541137695,25.52859115600586,21.16873550415039,23.774864196777344,23.578596115112305,22.196388244628906,24.219379425048828,25.196849822998047,25.51723861694336,24.528221130371094
5,TAS-Male-Remanded-ATSI,15.787052154541016,16.815126419067383,17.327138900756836,16.39995765686035,16.875608444213867,16.50008201599121,18.065614700317383,17.516016006469727,14.745851516723633,15.222567558288574,14.814383506774902,14.86947250366211,14.592713356018066,15.23781967163086,15.170549392700195,16.191360473632812,17.65424919128418,18.407596588134766,18.543272018432617,19.095075607299805,18.879043579101562,18.635469436645508,18.180633544921875,16.851516723632812
5,TAS-Male-Remanded-Non-ATSI,96.99983978271484,103.7277603149414,105.41277313232422,102.44489288330078,105.79740142822266,110.56966400146484,110.62409210205078,112.95311737060547,88.80441284179688,96.1614990234375,97.3093032836914,94.98003387451172,98.06444549560547,104.14691162109375,104.68038177490234,104.60343170166016,72.33606719970703,76.88298034667969,81.18449401855469,81.4881362915039,80.74848175048828,85.37714385986328,83.86664581298828,85.52926635742188
5,TAS-Male-Sentenced-ATSI,42.44898986816406,45.57939147949219,47.37916564941406,46.80271530151367,46.92910385131836,48.37766647338867,49.04746627807617,49.6536979675293,48.68930435180664,51.12480163574219,50.907615661621094,50.8024787902832,51.69464874267578,54.83580780029297,54.36977767944336,54.77021789550781,47.69917678833008,48.462890625,48.379764556884766,47.855812072753906,49.620201110839844,50.70783996582031,49.197593688964844,49.2215461730957
5,TAS-Male-Sentenced-Non-ATSI,361.9292297363281,378.27764892578125,383.4185791015625,393.3744812011719,398.95166015625,405.5339050292969,411.46136474609375,423.8311462402344,354.6521301269531,377.7028503417969,385.8224792480469,391.60009765625,396.795654296875,405.39874267578125,411.5518798828125,419.4047546386719,324.2389221191406,338.0843811035156,343.8868713378906,346.321044921875,348.76556396484375,360.55377197265625,366.25244140625,363.391357421875
5,VIC-Female-Remanded-ATSI,2.9966225624084473,3.5445239543914795,3.5055463314056396,3.6700093746185303,4.452751636505127,4.493362903594971,4.726475715637207,4.581971168518066,5.442770957946777,5.563229084014893,5.129026412963867,4.491157531738281,4.960241317749023,5.474804401397705,6.347045421600342,5.760609149932861,7.518843650817871,7.284971237182617,7.914684772491455,8.218750953674316,8.495478630065918,8.407068252563477,8.75745677947998,8.597959518432617
5,VIC-Female-Remanded-Non-ATSI,47.92554473876953,50.75631332397461,50.6458740234375,50.66144561767578,52.889278411865234,56.17107391357422,56.838443756103516,56.859642028808594,58.624794006347656,62.94743347167969,63.3550910949707,60.51291275024414,61.994380950927734,61.96009063720703,62.60676956176758,62.52430725097656,65.1700439453125,67.8570785522461,67.8814468383789,68.14958190917969,71.37867736816406,71.96363830566406,72.37619018554688,71.62593078613281
5,VIC-Female-Sentenced-ATSI,10.524548530578613,11.984132766723633,11.866828918457031,12.047357559204102,12.578585624694824,13.337037086486816,13.315869331359863,13.023046493530273,11.302071571350098,11.554102897644043,11.739315032958984,12.383386611938477,12.556994438171387,12.191217422485352,13.023300170898438,12.46652889251709,19.761674880981445,19.967315673828125,17.752473831176758,17.893314361572266,18.721160888671875,19.924673080444336,19.13766860961914,18.257225036621094
5,VIC-Female-Sentenced-Non-ATSI,190.2427978515625,199.57254028320312,206.12716674804688,207.54885864257812,207.3296661376953,215.68453979492188,220.95989990234375,223.84698486328125,176.92344665527344,187.23947143554688,196.742431640625,198.64215087890625,195.9835205078125,206.1010284423828,205.56661987304688,214.83583068847656,231.3306427001953,233.84339904785156,235.65052795410156,237.276611328125,233.20985412597656,246.96580505371094,249.27386474609375,241.6048583984375
5,VIC-Male-Remanded-ATSI,47.14038848876953,51.018802642822266,49.62049865722656,49.30120849609375,50.49869155883789,51.49604797363281,53.28788375854492,53.49842834472656,50.1470947265625,52.05482864379883,52.59380340576172,52.46733093261719,52.37112045288086,54.51760482788086,56.5247688293457,53.1216926574707,47.90023422241211,49.12726974487305,49.653438568115234,49.47194290161133,50.83293533325195,51.5207633972168,49.833126068115234,49.47445297241211
5,VIC-Male-Remanded-Non-ATSI,663.3389892578125,684.4087524414062,692.7354736328125,712.5888671875,723.666259765625,738.2276611328125,757.4146118164062,783.3135986328125,764.6393432617188,795.8627319335938,809.580810546875,819.1709594726562,831.9638671875,864.9913330078125,863.6958618164062,889.5708618164062,725.2819213867188,745.5643310546875,744.4754028320312,757.6769409179688,773.8700561523438,800.885009765625,797.5996704101562,811.54248046875
5,VIC-Male-Sentenced-ATSI,166.05126953125,173.47752380371094,172.45846557617188,174.6531524658203,178.06582641601562,183.9099578857422,184.67422485351562,182.7570343017578,188.41708374023438,200.08477783203125,202.67857360839844,202.8680419921875,204.11370849609375,209.66043090820312,212.27899169921875,213.63128662109375,215.02008056640625,219.5681610107422,221.75552368164062,219.65740966796875,221.7296600341797,226.3484649658203,224.4459228515625,222.23765563964844
5,VIC-Male-Sentenced-Non-ATSI,2890.2529296875,2936.62744140625,2952.72412109375,3016.631103515625,3031.527099609375,3068.16357421875,3123.9248046875,3215.658203125,3109.61669921875,3223.106689453125,3268.58544921875,3322.443359375,3328.3046875,3399.68359375,3424.822265625,3482.3525390625,3296.852294921875,3367.440185546875,3405.000244140625,3432.667236328125,3365.30029296875,3402.633056640625,3411.49462890625,3451.618408203125
5,WA-Female-Remanded-ATSI,35.942039489746094,37.26295471191406,35.21546936035156,35.17302322387695,37.75497817993164,37.83876037597656,37.917659759521484,37.389549255371094,38.65605926513672,39.31489181518555,37.92228317260742,37.92274856567383,38.790733337402344,40.81549835205078,40.70878601074219,38.54253005981445,36.84492492675781,37.75102233886719,35.286712646484375,32.99152374267578,36.61272048950195,38.86631393432617,39.043216705322266,38.26974105834961
5,WA-Female-Remanded-Non-ATSI,31.110614776611328,31.53692626953125,31.268455505371094,30.85304832458496,33.0616455078125,33.45457458496094,32.180625915527344,33.65208053588867,44.5394287109375,43.81422424316406,43.19955825805664,44.39646911621094,44.46821594238281,45.39824676513672,46.086177825927734,44.96479797363281,31.390016555786133,33.00286865234375,34.6175537109375,33.61136245727539,34.561710357666016,35.721214294433594,36.91823196411133,36.08035659790039
5,WA-Female-Sentenced-ATSI,112.9855728149414,117.73217010498047,115.58922576904297,117.16632080078125,120.97968292236328,126.03817749023438,127.999267578125,128.7745819091797,111.78192138671875,119.69512176513672,122.76107025146484,123.65550231933594,125.64437103271484,132.7156524658203,137.2977752685547,135.47702026367188,145.912353515625,152.9923858642578,152.87933349609375,153.2154083251953,151.13153076171875,158.4413604736328,152.0418701171875,152.17588806152344
5,WA-Female-Sentenced-Non-ATSI,104.29631042480469,109.91940307617188,111.84478759765625,111.03939819335938,115.68923950195312,119.0738525390625,122.37452697753906,123.30938720703125,116.69227600097656,117.25933074951172,121.39702606201172,122.57601165771484,122.76514434814453,126.46237182617188,125.37837982177734,128.0448760986328,176.14556884765625,181.05780029296875,178.38308715820312,176.0418243408203,176.1754608154297,178.3119354248047,174.08509826660156,170.69464111328125
5,WA-Male-Remanded-ATSI,223.25540161132812,225.62725830078125,222.49737548828125,229.1647491455078,239.68191528320312,245.2264862060547,241.39442443847656,244.95985412597656,273.9354553222656,293.7079772949219,296.0829772949219,297.8006591796875,302.1626281738281,318.4912414550781,321.79840087890625,326.6099548339844,278.1724853515625,284.7642517089844,282.16748046875,283.1512451171875,291.09808349609375,297.1080627441406,287.1680603027344,294.6289978027344
5,WA-Male-Remanded-Non-ATSI,350.7948303222656,366.6749267578125,371.0694580078125,379.8816833496094,392.6852111816406,400.4823913574219,402.773193359375,414.5858459472656,403.44439697265625,428.5640869140625,435.8661193847656,443.5490417480469,439.28424072265625,463.3058776855469,472.0013122558594,471.5649719238281,435.0581970214844,455.0127258300781,457.2592468261719,454.55328369140625,460.6255187988281,467.3605041503906,464.84857177734375,467.59368896484375
5,WA-Male-Sentenced-ATSI,1113.197998046875,1165.9716796875,1181.1129150390625,1186.6968994140625,1195.798828125,1233.759765625,1272.81640625,1313.4700927734375,1255.2703857421875,1299.670654296875,1320.626953125,1361.5147705078125,1383.790283203125,1419.037109375,1426.47607421875,1445.3411865234375,1347.699462890625,1399.47998046875,1431.60693359375,1449.7294921875,1463.5416259765625,1495.140380859375,1487.8839111328125,1523.8040771484375
5,WA-Male-Sentenced-Non-ATSI,1681.6357421875,1746.0169677734375,1743.5335693359375,1776.103759765625,1771.307373046875,1835.2821044921875,1881.0284423828125,1914.53173828125,1742.98681640625,1812.46142578125,1845.211669921875,1900.184814453125,1912.4805908203125,1952.086669921875,1974.651611328125,2003.092529296875,2197.88623046875,2267.614013671875,2266.54052734375,2289.878662109375,2255.534423828125,2298.82568359375,2287.013916015625,2315.21923828125
