Level,Description,1,2,3,4,5,6,7,8,9,10,11,12,13,14,15,16
1,Aggregated,25946.6484375,26545.884765625,26537.66796875,26587.55078125,26374.8046875,26867.40625,27265.150390625,27575.796875,27760.482421875,28652.796875,28844.533203125,29007.6953125,28952.435546875,29644.75,29710.6796875,29721.935546875
2,ACT,169.2051239013672,161.9199676513672,164.19578552246094,176.0027313232422,186.6846466064453,179.42222595214844,172.40333557128906,173.08224487304688,167.65232849121094,177.36627197265625,181.4499053955078,196.05740356445312,207.23793029785156,222.2156982421875,234.06790161132812,254.7141571044922
2,NSW,9541.37890625,9716.0302734375,9691.3818359375,9678.908203125,9734.013671875,9959.810546875,10107.4619140625,10119.41015625,10245.126953125,10609.8125,10614.9970703125,10553.373046875,10538.1142578125,10722.85546875,10596.734375,10375.9482421875
2,NT,824.957763671875,863.7901000976562,867.0154418945312,871.9674072265625,891.3095092773438,920.63720703125,934.4845581054688,946.4712524414062,978.4548950195312,1002.4935302734375,1014.032958984375,1017.414306640625,1020.71337890625,1037.021728515625,1048.954833984375,1022.8434448242188
2,QLD,5635.87158203125,5750.82177734375,5704.78857421875,5631.47998046875,5556.271484375,5632.7939453125,5710.53662109375,5717.22900390625,5577.77294921875,5748.048828125,5764.837890625,5747.58447265625,5698.3740234375,5909.9609375,5904.62060546875,5893.6484375
2,SA,1690.5897216796875,1773.1285400390625,1796.000244140625,1841.08251953125,1835.4521484375,1892.2359619140625,1943.2344970703125,1997.5693359375,1991.0040283203125,2079.62158203125,2116.44189453125,2163.46923828125,2133.602783203125,2209.0185546875,2198.64794921875,2218.17236328125
2,TAS,525.3172607421875,535.8568725585938,540.9308471679688,552.523193359375,547.4253540039062,551.2140502929688,545.0955810546875,544.0499267578125,515.3160400390625,529.5912475585938,522.061279296875,515.7723999023438,505.17266845703125,521.05078125,507.0190734863281,509.9104919433594
2,VIC,3955.69189453125,4107.51708984375,4139.3525390625,4178.55615234375,4107.34423828125,4131.48388671875,4249.7294921875,4312.99609375,4330.15185546875,4476.7568359375,4588.048828125,4644.24560546875,4618.978515625,4730.94775390625,4794.51904296875,4738.36181640625
2,WA,3655.343994140625,3791.38232421875,3837.080322265625,3873.216064453125,3799.6064453125,3845.14794921875,3941.393798828125,4026.5478515625,3939.955322265625,4075.018798828125,4135.6328125,4214.0,4181.318359375,4260.810546875,4301.3232421875,4250.6787109375
3,ACT-Female,11.535989761352539,11.469499588012695,12.047090530395508,13.611013412475586,16.1075439453125,15.616777420043945,15.402880668640137,15.393293380737305,14.434249877929688,15.962180137634277,15.387372970581055,13.837427139282227,13.807906150817871,13.345995903015137,14.241917610168457,14.570337295532227
3,ACT-Male,166.60516357421875,177.40478515625,174.46731567382812,178.06454467773438,174.2266082763672,170.86416625976562,170.44830322265625,168.97930908203125,150.7394561767578,152.6396026611328,157.94886779785156,168.8866424560547,179.52764892578125,194.071533203125,215.71722412109375,235.76612854003906
3,NSW-Female,705.0236206054688,743.7517700195312,738.0626220703125,739.9247436523438,735.3235473632812,755.9490966796875,793.2491455078125,807.878662109375,737.0637817382812,748.0531005859375,756.9404907226562,756.0194702148438,739.7725219726562,752.099853515625,756.6071166992188,759.0615234375
3,NSW-Male,8792.0654296875,8978.033203125,9002.671875,8983.09765625,8943.8984375,9093.732421875,9254.5771484375,9364.1943359375,9335.3154296875,9615.4873046875,9640.43359375,9659.5810546875,9590.03515625,9791.5380859375,9809.1162109375,9672.087890625
3,NT-Female,26.992229461669922,29.040285110473633,30.66952896118164,34.155967712402344,37.967811584472656,36.8096809387207,35.39699935913086,35.33698272705078,48.44698715209961,49.02217483520508,48.128562927246094,49.2106819152832,52.95336151123047,53.878173828125,51.70146560668945,51.57101058959961
3,NT-Male,795.421142578125,837.27880859375,840.3380126953125,844.734130859375,835.4578857421875,852.3919067382812,885.3794555664062,898.8831787109375,934.5011596679688,961.7542724609375,968.0232543945312,983.2786254882812,965.4970703125,991.270751953125,988.8499145507812,1000.4757080078125
3,QLD-Female,415.3653564453125,433.3977355957031,432.2010803222656,429.463623046875,410.53961181640625,414.5478820800781,434.64593505859375,446.6527099609375,451.6329345703125,464.93023681640625,472.2846984863281,477.6817932128906,463.04693603515625,479.5289611816406,483.2165222167969,489.611328125
3,QLD-Male,5270.64306640625,5409.57861328125,5428.8955078125,5463.3564453125,5436.00537109375,5593.6025390625,5709.9873046875,5863.29248046875,5239.2626953125,5387.33837890625,5465.474609375,5460.3369140625,5481.12158203125,5582.873046875,5600.42724609375,5589.11962890625
3,SA-Female,107.87950897216797,115.6506576538086,114.47827911376953,119.99082946777344,123.52436065673828,123.97056579589844,124.07579040527344,120.5068359375,121.61859130859375,124.5079116821289,124.52645111083984,122.69074249267578,118.62776184082031,118.93840026855469,117.9336166381836,120.15734100341797
3,SA-Male,1573.983154296875,1636.8359375,1654.6971435546875,1681.4986572265625,1667.289306640625,1710.1751708984375,1777.347412109375,1846.628173828125,1843.3148193359375,1904.9051513671875,1953.9443359375,1985.3497314453125,1966.4874267578125,2022.4794921875,2022.536376953125,2035.8150634765625
3,TAS-Female,38.755985260009766,38.61105728149414,38.26593017578125,42.28690719604492,45.982662200927734,46.51747512817383,48.35006332397461,46.75574493408203,36.9178581237793,37.83285140991211,37.682586669921875,37.5099983215332,35.75379180908203,36.4267463684082,37.63307571411133,37.022789001464844
3,TAS-Male,513.184326171875,533.7515258789062,530.1688842773438,531.6795043945312,516.839599609375,530.1854858398438,546.4855346679688,567.1881713867188,497.19781494140625,515.0928955078125,517.9388427734375,523.625244140625,509.783935546875,517.4005126953125,516.286376953125,520.7996215820312
3,VIC-Female,244.61021423339844,252.92494201660156,249.4071044921875,251.9127960205078,240.1134033203125,239.4612579345703,249.47329711914062,259.21820068359375,255.81063842773438,279.9440002441406,296.7819519042969,309.5162658691406,318.98541259765625,328.80950927734375,344.0314636230469,352.4988708496094
3,VIC-Male,3768.206787109375,3889.8203125,3892.40087890625,3961.033935546875,3953.890380859375,4068.662109375,4232.1123046875,4308.79931640625,4143.197265625,4267.94921875,4310.9091796875,4378.58447265625,4373.1630859375,4458.8876953125,4533.9658203125,4541.4169921875
3,WA-Female,276.7620849609375,289.5777587890625,282.13238525390625,280.565185546875,266.4400939941406,265.9073486328125,278.76654052734375,290.4818115234375,313.951416015625,327.17047119140625,333.810302734375,344.14044189453125,338.3035888671875,343.76300048828125,347.80596923828125,354.6634826660156
3,WA-Male,3361.655029296875,3466.3935546875,3495.836181640625,3534.508544921875,3513.39990234375,3615.517822265625,3713.418212890625,3814.434814453125,3659.092041015625,3788.606201171875,3867.695556640625,3919.615966796875,3893.71826171875,3973.290771484375,3995.90869140625,4051.812744140625
4,ACT-Female-Remanded,5.873145580291748,5.946572780609131,5.511197566986084,5.224081993103027,5.776247978210449,5.552214622497559,5.692476272583008,5.384339332580566,8.261002540588379,8.956809043884277,7.9218974113464355,7.721639156341553,7.859496593475342,8.855621337890625,7.7835001945495605,7.525496482849121
4,ACT-Female-Sentenced,6.6920647621154785,6.365113258361816,6.5598883628845215,7.200046062469482,7.8927836418151855,7.26149320602417,7.225113391876221,7.265155792236328,5.339043140411377,5.580113410949707,5.647146224975586,6.769450664520264,6.823574066162109,6.165537357330322,6.414104461669922,5.566781520843506
4,ACT-Male-Remanded,59.78047180175781,61.433719635009766,58.483577728271484,58.641273498535156,60.50998306274414,58.74360275268555,59.58501434326172,59.26312255859375,95.8089370727539,94.49351501464844,93.91868591308594,90.8121337890625,88.80245971679688,88.0334243774414,87.99699401855469,84.78697204589844
4,ACT-Male-Sentenced,109.70405578613281,112.5175552368164,109.88153839111328,108.14520263671875,107.03885650634766,101.04124450683594,101.54373931884766,97.60648345947266,60.44435501098633,69.73237609863281,74.61595916748047,75.3201904296875,76.5545883178711,81.5755615234375,82.267333984375,85.50411224365234
4,NSW-Female-Remanded,212.05551147460938,215.9691162109375,206.5049285888672,201.0211944580078,199.4219970703125,202.81509399414062,198.2380828857422,193.86204528808594,202.51724243164062,203.6351776123047,199.2195587158203,192.10704040527344,187.34422302246094,190.5659637451172,187.60972595214844,182.07675170898438
4,NSW-Female-Sentenced,472.8517761230469,490.9230041503906,487.050048828125,481.83489990234375,473.7005615234375,469.61163330078125,463.7751159667969,454.9960021972656,504.5367736816406,509.23992919921875,507.2269592285156,492.7179870605469,486.574951171875,485.55462646484375,475.3424072265625,455.10565185546875
4,NSW-Male-Remanded,2057.890869140625,2081.54541015625,2048.331298828125,2027.40087890625,1995.262451171875,2000.3990478515625,1977.6583251953125,2014.2003173828125,2296.056884765625,2312.4140625,2317.8212890625,2272.68994140625,2214.4853515625,2222.956298828125,2183.32470703125,2105.936767578125
4,NSW-Male-Sentenced,6518.6435546875,6543.95849609375,6448.0712890625,6329.46240234375,6157.44775390625,6138.5947265625,6171.2158203125,6131.419921875,6682.916015625,6715.0068359375,6697.91943359375,6594.64501953125,6394.21435546875,6361.24365234375,6307.83203125,6133.1943359375
4,NT-Female-Remanded,9.393238067626953,10.18114185333252,10.00214672088623,10.699800491333008,12.787458419799805,11.942949295043945,11.517107009887695,12.37459945678711,14.255576133728027,14.528075218200684,12.728604316711426,12.326379776000977,12.647432327270508,13.469588279724121,12.617341041564941,11.61877155303955
4,NT-Female-Sentenced,20.73660659790039,21.258567810058594,20.513446807861328,19.238370895385742,19.875547409057617,20.660375595092773,20.269874572753906,19.593618392944336,33.57645034790039,34.77505111694336,34.13218688964844,32.98405838012695,33.09272384643555,34.77947235107422,33.11349105834961,31.872037887573242
4,NT-Male-Remanded,169.7930908203125,171.32574462890625,168.7131805419922,165.18780517578125,165.48609924316406,161.95375061035156,161.6190948486328,160.1256866455078,207.91427612304688,202.7257080078125,197.66018676757812,194.24684143066406,190.9413604736328,185.78639221191406,184.3511505126953,179.0762939453125
4,NT-Male-Sentenced,612.3743286132812,639.1347045898438,626.7247924804688,628.375,621.7066040039062,604.2223510742188,589.8108520507812,580.6338500976562,703.7056274414062,707.8899536132812,695.0260009765625,669.78662109375,657.2479858398438,652.7703857421875,641.2129516601562,610.3023071289062
4,QLD-Female-Remanded,92.77771759033203,93.10589599609375,89.91915130615234,89.92567443847656,89.0936050415039,87.04283905029297,85.77729797363281,84.51117706298828,92.15339660644531,96.51251220703125,96.01172637939453,93.8300552368164,95.20559692382812,98.41049194335938,97.97669219970703,91.85450744628906
4,QLD-Female-Sentenced,314.1643981933594,320.2826232910156,311.210205078125,311.1741943359375,303.6194152832031,304.58184814453125,301.7836608886719,293.55078125,339.8013610839844,335.9560852050781,341.08074951171875,326.4460754394531,325.50750732421875,313.5711669921875,302.96337890625,296.2960510253906
4,QLD-Male-Remanded,1112.6383056640625,1136.0506591796875,1125.490234375,1122.123779296875,1109.625732421875,1098.1025390625,1099.3963623046875,1094.4921875,1072.7021484375,1091.5970458984375,1083.4024658203125,1053.5916748046875,1024.852294921875,1023.7774047851562,987.7272338867188,969.5638427734375
4,QLD-Male-Sentenced,4068.511474609375,4118.919921875,4044.169677734375,3981.70458984375,3903.44189453125,3901.88232421875,3889.818359375,3836.579833984375,3970.77587890625,3996.868408203125,3995.072021484375,3913.007080078125,3800.916748046875,3821.29931640625,3796.918212890625,3697.46533203125
4,SA-Female-Remanded,40.76185989379883,43.26377868652344,42.51769256591797,42.58888626098633,42.58990478515625,41.736839294433594,44.41373062133789,44.92259216308594,59.85131072998047,61.99357986450195,61.23651885986328,59.011138916015625,59.071128845214844,59.7344970703125,58.935665130615234,56.29894256591797
4,SA-Female-Sentenced,62.81187057495117,63.74741744995117,62.3023681640625,61.86539077758789,64.08391571044922,63.17182540893555,63.22756576538086,62.389984130859375,62.925514221191406,65.71672821044922,66.65733337402344,64.691650390625,64.46859741210938,67.08618927001953,67.13279724121094,64.76609802246094
4,SA-Male-Remanded,508.7288513183594,536.0982666015625,527.1818237304688,515.7142944335938,505.5874328613281,502.6894226074219,496.1521911621094,478.0250244140625,570.6926879882812,576.1731567382812,570.5420532226562,554.480712890625,535.610595703125,543.6439208984375,527.40625,501.8807678222656
4,SA-Male-Sentenced,1028.2698974609375,1046.4205322265625,1037.6710205078125,1028.5777587890625,997.0725708007812,1006.7147827148438,1017.3246459960938,1008.9558715820312,1209.557861328125,1234.711669921875,1224.660400390625,1200.1470947265625,1156.6883544921875,1162.2694091796875,1137.3197021484375,1093.4857177734375
4,TAS-Female-Remanded,11.013582229614258,12.376643180847168,11.826265335083008,11.577345848083496,11.56955337524414,11.885324478149414,12.592334747314453,11.9308500289917,8.592599868774414,9.561175346374512,10.664751052856445,9.689126968383789,10.605216026306152,11.374734878540039,9.654805183410645,9.04865550994873
4,TAS-Female-Sentenced,29.75963592529297,28.424335479736328,27.45490837097168,27.16141128540039,27.44607162475586,27.634450912475586,27.81094741821289,26.24822235107422,27.358030319213867,29.575927734375,29.998695373535156,27.807235717773438,29.063175201416016,28.874135971069336,29.81282615661621,28.11394500732422
4,TAS-Male-Remanded,106.13922119140625,113.78948974609375,109.31272888183594,102.96466827392578,101.91544342041016,103.6412353515625,102.24636840820312,101.83031463623047,101.13262939453125,104.65189361572266,102.62547302246094,100.5213394165039,98.7437744140625,102.97261047363281,105.1709213256836,101.1199722290039
4,TAS-Male-Sentenced,392.87640380859375,405.728271484375,395.09234619140625,392.52227783203125,385.105224609375,372.78436279296875,370.4130554199219,360.431884765625,392.364013671875,392.9876708984375,382.03143310546875,375.2272033691406,359.2269287109375,359.9556884765625,352.6313171386719,343.27734375
4,VIC-Female-Remanded,47.02655792236328,51.86914825439453,49.481285095214844,50.44374465942383,49.72457504272461,50.47621536254883,53.14695739746094,55.502376556396484,64.99744415283203,67.8909912109375,65.74269104003906,64.02495574951172,62.911834716796875,63.8910026550293,61.9481201171875,60.12328338623047
4,VIC-Female-Sentenced,196.5207061767578,204.12326049804688,194.04405212402344,190.20362854003906,187.50132751464844,182.8277587890625,182.33473205566406,183.41354370117188,178.7558135986328,183.1336669921875,181.0801239013672,172.8145751953125,166.74851989746094,171.42852783203125,168.71302795410156,163.92529296875
4,VIC-Male-Remanded,694.6248168945312,702.5307006835938,698.26416015625,692.2950439453125,678.5431518554688,677.6348266601562,673.173583984375,660.4590454101562,790.5849609375,792.6646728515625,788.6188354492188,750.8489379882812,725.7565307617188,732.3973999023438,724.0576171875,693.2229614257812
4,VIC-Male-Sentenced,2992.00830078125,3016.376220703125,2975.10400390625,2952.586181640625,2894.7587890625,2909.315185546875,2907.47705078125,2878.47802734375,3218.862548828125,3235.17724609375,3223.03759765625,3176.154541015625,3085.694091796875,3079.552978515625,3041.471435546875,2936.7646484375
4,WA-Female-Remanded,64.931884765625,65.39179229736328,62.6993408203125,61.9166145324707,61.932701110839844,60.07905578613281,60.868709564208984,60.688880920410156,82.00267791748047,79.66757202148438,76.78831481933594,72.79097747802734,70.97996520996094,73.07916259765625,73.52154541015625,73.46080780029297
4,WA-Female-Sentenced,210.1040802001953,216.27877807617188,206.947509765625,199.65675354003906,198.4401092529297,197.70741271972656,199.76820373535156,194.6542205810547,219.6536102294922,224.71139526367188,219.84947204589844,210.0266876220703,201.041259765625,201.5945587158203,191.09103393554688,189.82846069335938
4,WA-Male-Remanded,557.5833129882812,576.1910400390625,558.7518920898438,559.9932250976562,542.337158203125,547.5482177734375,536.1211547851562,527.22998046875,652.3557739257812,664.426513671875,655.6195068359375,648.3656616210938,628.0593872070312,634.199951171875,610.6775512695312,594.5892333984375
4,WA-Male-Sentenced,2739.822998046875,2757.848876953125,2746.85205078125,2734.340576171875,2657.701416015625,2663.49853515625,2655.25927734375,2654.731201171875,2884.1005859375,2878.744140625,2897.064697265625,2866.982421875,2786.49462890625,2812.419921875,2748.837158203125,2684.934326171875
5,ACT-Female-Remanded-ATSI,0.49900248646736145,0.7425352334976196,0.6425430774688721,0.5061721801757812,0.6479171514511108,0.9141359925270081,0.992854118347168,0.8095102310180664,2.002636432647705,1.9447588920593262,1.8163604736328125,1.6467286348342896,1.6544816493988037,1.9376871585845947,1.953278660774231,2.180631637573242
5,ACT-Female-Remanded-Non-ATSI,5.700567245483398,5.544840335845947,5.054626941680908,4.812688827514648,4.691888809204102,4.839811325073242,4.553215503692627,4.80171012878418,6.366904258728027,6.04744291305542,5.876523017883301,6.103132247924805,6.281111240386963,6.238912105560303,5.9677510261535645,6.103083610534668
5,ACT-Female-Sentenced-ATSI,0.3608616590499878,0.1962425708770752,0.2549360394477844,0.24194389581680298,0.17018629610538483,0.21603608131408691,0.22132878005504608,0.2119896113872528,0.8624526262283325,0.7110613584518433,0.7678958177566528,0.6317216157913208,0.752903401851654,0.7077904343605042,0.7334879636764526,0.742045521736145
5,ACT-Female-Sentenced-Non-ATSI,5.8093180656433105,5.989570617675781,6.263116359710693,6.437578201293945,7.669677734375,8.280500411987305,7.152281761169434,7.9274187088012695,5.122646808624268,5.418398380279541,5.056339740753174,5.7046051025390625,6.7948150634765625,6.812581539154053,6.31109619140625,5.865251541137695
5,ACT-Male-Remanded-ATSI,8.081040382385254,8.677515029907227,8.336644172668457,8.899262428283691,9.899077415466309,10.076210975646973,9.990957260131836,10.020195007324219,13.889205932617188,13.68282413482666,13.634561538696289,13.076231956481934,13.148223876953125,13.037643432617188,12.650486946105957,12.444136619567871
5,ACT-Male-Remanded-Non-ATSI,54.475364685058594,56.58081817626953,55.39720916748047,54.064579010009766,56.41887664794922,58.6845703125,59.43132019042969,60.812644958496094,82.2107925415039,81.3564453125,83.5971908569336,82.53639221191406,79.67829895019531,81.41796112060547,81.93621826171875,81.02705383300781
5,ACT-Male-Sentenced-ATSI,13.40243148803711,11.480113983154297,10.822277069091797,9.450956344604492,8.112504959106445,6.812213897705078,7.055407524108887,7.4519429206848145,9.734606742858887,9.564996719360352,9.963858604431152,10.176695823669434,10.521663665771484,10.907044410705566,11.176176071166992,12.14229679107666
5,ACT-Male-Sentenced-Non-ATSI,99.12155151367188,106.29235076904297,109.9764175415039,108.98568725585938,108.92696380615234,115.2369384765625,114.0380859375,116.64840698242188,59.37175750732422,65.70844268798828,67.25680541992188,69.7950668334961,74.8460464477539,77.3546142578125,75.0877456665039,74.10559844970703
5,NSW-Female-Remanded-ATSI,63.66172409057617,66.01728820800781,65.25782012939453,67.002685546875,65.2517318725586,64.8171615600586,65.78719329833984,64.74696350097656,57.59477233886719,57.759437561035156,58.324951171875,58.44873046875,59.08262634277344,62.28604507446289,63.22467041015625,63.24435806274414
5,NSW-Female-Remanded-Non-ATSI,153.8810272216797,160.86358642578125,160.30442810058594,157.95733642578125,158.4904022216797,160.2205810546875,164.24851989746094,164.49929809570312,153.81838989257812,157.82168579101562,159.0567626953125,160.90283203125,154.620361328125,159.1787872314453,160.0532989501953,157.66941833496094
5,NSW-Female-Sentenced-ATSI,144.12588500976562,152.1469268798828,152.1786346435547,151.8884735107422,152.13612365722656,155.4601593017578,158.8472137451172,162.321533203125,154.3722686767578,160.16244506835938,160.4290313720703,157.2774200439453,160.4166717529297,164.21913146972656,164.41778564453125,160.9690399169922
5,NSW-Female-Sentenced-Non-ATSI,342.2028503417969,357.65179443359375,356.3649597167969,356.64984130859375,360.49365234375,364.3332824707031,371.0815124511719,378.6804504394531,374.2976379394531,378.92987060546875,387.7134704589844,385.7524719238281,375.4002990722656,384.2669372558594,385.5027770996094,384.89599609375
5,NSW-Male-Remanded-ATSI,387.14117431640625,403.01544189453125,398.9120178222656,401.0282897949219,402.22174072265625,404.6761474609375,412.33673095703125,410.2261047363281,441.09033203125,444.3209533691406,439.4765319824219,444.4652099609375,448.3287658691406,450.91497802734375,447.8372497558594,438.6199035644531
5,NSW-Male-Remanded-Non-ATSI,1689.520751953125,1746.8419189453125,1746.9818115234375,1754.5478515625,1734.27685546875,1747.4197998046875,1800.70361328125,1825.6898193359375,1913.1241455078125,1931.85009765625,1946.7723388671875,1952.0084228515625,1925.6871337890625,1947.689208984375,1952.6805419921875,1927.6927490234375
5,NSW-Male-Sentenced-ATSI,1377.4954833984375,1411.7255859375,1403.257568359375,1412.3746337890625,1392.740234375,1415.3167724609375,1450.998291015625,1474.956787109375,1434.64697265625,1483.34619140625,1515.0997314453125,1508.1812744140625,1486.9560546875,1504.0196533203125,1513.9200439453125,1491.8006591796875
5,NSW-Male-Sentenced-Non-ATSI,5321.74609375,5418.09033203125,5381.3056640625,5416.3974609375,5288.142578125,5346.42626953125,5436.27783203125,5499.96826171875,5456.3388671875,5560.6962890625,5572.5771484375,5586.9970703125,5517.77001953125,5525.85498046875,5511.38232421875,5471.10205078125
5,NT-Female-Remanded-ATSI,8.153918266296387,9.203039169311523,8.17707633972168,8.01544189453125,9.316499710083008,10.306452751159668,10.057960510253906,10.294398307800293,12.722004890441895,13.503801345825195,13.013394355773926,13.22353744506836,12.205022811889648,12.210067749023438,13.11691665649414,13.125821113586426
5,NT-Female-Remanded-Non-ATSI,1.6174780130386353,1.8498111963272095,2.4676926136016846,2.594514846801758,3.1686630249023438,3.2415504455566406,3.0639286041259766,2.7399518489837646,2.282411575317383,2.114485502243042,1.91754150390625,1.6018376350402832,2.0179059505462646,1.8171684741973877,1.9104706048965454,2.02431321144104
5,NT-Female-Sentenced-ATSI,13.053014755249023,14.194477081298828,13.716683387756348,13.61806869506836,13.28911018371582,13.460408210754395,14.22070026397705,13.973721504211426,27.031938552856445,27.2381649017334,27.218168258666992,27.087373733520508,26.802669525146484,27.940128326416016,28.025911331176758,27.371984481811523
5,NT-Female-Sentenced-Non-ATSI,7.823812484741211,7.650289058685303,6.7682952880859375,5.938947677612305,6.084864616394043,6.096200942993164,6.178463459014893,6.189632415771484,5.660593509674072,6.497185230255127,6.653463363647461,6.683371543884277,6.849689483642578,7.095920562744141,7.651699066162109,7.531948566436768
5,NT-Male-Remanded-ATSI,146.86138916015625,149.95046997070312,149.12303161621094,150.28941345214844,148.12298583984375,150.41734313964844,153.10760498046875,154.2633819580078,166.4557647705078,167.64404296875,166.91360473632812,169.3076934814453,171.41444396972656,170.35098266601562,171.8311309814453,167.97491455078125
5,NT-Male-Remanded-Non-ATSI,28.298131942749023,32.3353157043457,32.189056396484375,31.000207901000977,31.45086669921875,33.01333236694336,33.94585418701172,35.44104766845703,43.57693862915039,43.02543640136719,41.74592971801758,41.65399169921875,42.39234924316406,44.59814453125,42.03622055053711,43.220176696777344
5,NT-Male-Sentenced-ATSI,512.1385498046875,528.9409790039062,534.1973876953125,534.8176879882812,529.8715209960938,542.579345703125,554.0069580078125,565.821533203125,597.9623413085938,608.6258544921875,625.7421264648438,626.7664184570312,617.6808471679688,638.06787109375,629.239013671875,616.968994140625
5,NT-Male-Sentenced-Non-ATSI,118.1919174194336,121.8809814453125,122.3495101928711,119.61473846435547,121.98418426513672,129.20932006835938,126.86585998535156,130.3729705810547,123.63817596435547,129.64962768554688,132.39712524414062,131.58352661132812,134.80447387695312,134.80758666992188,138.61392211914062,131.6986083984375
5,QLD-Female-Remanded-ATSI,28.945844650268555,28.996824264526367,29.141008377075195,28.030200958251953,28.289196014404297,28.488008499145508,29.688806533813477,28.99518394470215,30.941099166870117,33.01564025878906,31.547761917114258,30.36481285095215,31.144306182861328,33.777137756347656,34.221107482910156,32.92101287841797
5,QLD-Female-Remanded-Non-ATSI,67.41496276855469,69.52661895751953,69.30430603027344,67.99481201171875,68.94149780273438,71.37295532226562,73.22325134277344,74.1201400756836,64.36296844482422,69.10906982421875,68.47378540039062,68.08853149414062,70.72986602783203,72.9966049194336,74.33246612548828,71.69208526611328
5,QLD-Female-Sentenced-ATSI,90.72066497802734,93.2043685913086,93.37460327148438,90.81275939941406,93.9903335571289,97.22154235839844,98.76309967041016,100.29914855957031,85.78968811035156,90.318115234375,91.3583755493164,93.05595397949219,90.52295684814453,94.40438842773438,96.44956970214844,96.37430572509766
5,QLD-Female-Sentenced-Non-ATSI,234.7230224609375,246.8386688232422,246.91629028320312,245.93157958984375,244.65750122070312,248.4103546142578,250.98077392578125,249.3330841064453,261.5340270996094,264.2315673828125,273.5550842285156,270.1344909667969,270.0557861328125,269.1137390136719,272.66619873046875,276.4740905761719
5,QLD-Male-Remanded-ATSI,270.97882080078125,281.37603759765625,282.2318420410156,281.1344909667969,279.2232971191406,282.9332275390625,286.529541015625,287.3188781738281,276.99139404296875,289.2152099609375,286.8580627441406,283.4876403808594,291.96429443359375,295.4042663574219,300.95294189453125,299.78759765625
5,QLD-Male-Remanded-Non-ATSI,858.7863159179688,898.906005859375,888.8961791992188,892.1450805664062,881.2544555664062,903.6878662109375,906.611083984375,900.2122802734375,816.6858520507812,844.4962158203125,849.633544921875,865.4141845703125,849.8260498046875,872.8011474609375,868.697998046875,871.9029541015625
5,QLD-Male-Sentenced-ATSI,1132.7247314453125,1174.1273193359375,1176.6414794921875,1190.66845703125,1168.8487548828125,1174.990966796875,1198.9503173828125,1219.1614990234375,1089.12548828125,1113.8045654296875,1125.184326171875,1135.0419921875,1117.8790283203125,1136.9305419921875,1151.7120361328125,1141.8433837890625
5,QLD-Male-Sentenced-Non-ATSI,3001.14453125,3089.250244140625,3048.072509765625,3055.6396484375,3005.769775390625,3057.6337890625,3141.467529296875,3189.78076171875,3040.24365234375,3092.208740234375,3127.24365234375,3126.206298828125,3133.183837890625,3157.218017578125,3136.9912109375,3117.927978515625
5,SA-Female-Remanded-ATSI,10.460474014282227,12.223763465881348,12.380003929138184,12.529621124267578,14.084555625915527,13.504669189453125,13.818241119384766,14.041419982910156,14.392701148986816,15.706576347351074,15.195149421691895,15.136292457580566,15.300121307373047,15.204967498779297,16.223390579223633,15.25750732421875
5,SA-Female-Remanded-Non-ATSI,31.79570960998535,33.394840240478516,34.635616302490234,33.72342300415039,33.7054328918457,34.82073211669922,35.04545593261719,35.97937774658203,44.88380432128906,45.28923416137695,46.613529205322266,45.535423278808594,45.34741973876953,47.770931243896484,47.30195236206055,44.73335647583008
5,SA-Female-Sentenced-ATSI,15.626583099365234,15.917691230773926,15.886221885681152,15.81218147277832,15.872035026550293,17.083438873291016,16.1363582611084,16.243873596191406,12.949378967285156,13.79046630859375,14.320261001586914,14.519072532653809,15.132318496704102,16.006929397583008,16.895877838134766,16.561920166015625
5,SA-Female-Sentenced-Non-ATSI,49.68016052246094,51.16542434692383,50.853187561035156,49.0792236328125,49.33544158935547,51.99945831298828,53.609764099121094,52.922420501708984,50.23435592651367,51.30024337768555,52.700748443603516,52.773746490478516,53.45633316040039,56.83287048339844,55.299991607666016,54.321250915527344
5,SA-Male-Remanded-ATSI,110.20745849609375,115.27412414550781,116.36251831054688,119.83240509033203,119.08101654052734,119.77249145507812,123.3523178100586,124.79177856445312,160.5729217529297,161.902587890625,160.58937072753906,161.35284423828125,161.95394897460938,164.4208984375,162.3525848388672,158.06092834472656
5,SA-Male-Remanded-Non-ATSI,411.0844421386719,431.6866149902344,430.2289123535156,432.2037048339844,430.5262756347656,439.0045471191406,447.3335266113281,454.43707275390625,428.62689208984375,448.38800048828125,451.97479248046875,450.05841064453125,444.566162109375,455.4939880371094,463.7038269042969,451.9756164550781
5,SA-Male-Sentenced-ATSI,193.9976043701172,199.98977661132812,197.4431915283203,199.0771942138672,196.6898193359375,194.86819458007812,201.7909393310547,205.5624542236328,229.5800323486328,238.80897521972656,236.53692626953125,233.72238159179688,234.23806762695312,239.3629608154297,235.6134490966797,229.11434936523438
5,SA-Male-Sentenced-Non-ATSI,850.6610717773438,879.9597778320312,875.4812622070312,888.1128540039062,887.2409057617188,896.95751953125,917.2959594726562,918.0592651367188,998.6876831054688,1028.133056640625,1037.1324462890625,1026.6773681640625,1021.6055297851562,1029.847412109375,1034.194091796875,1034.1890869140625
5,TAS-Female-Remanded-ATSI,2.4808826446533203,2.376798629760742,2.423943281173706,2.8413119316101074,2.9650142192840576,3.179593324661255,3.678593158721924,3.370811939239502,2.391529083251953,2.438452959060669,3.0400545597076416,2.8902971744537354,3.4245004653930664,3.83427357673645,3.794288158416748,3.4079108238220215
5,TAS-Female-Remanded-Non-ATSI,8.125213623046875,8.969158172607422,8.70283317565918,8.783645629882812,8.715932846069336,8.879167556762695,9.295238494873047,9.39607048034668,7.321974277496338,7.2249908447265625,7.806438446044922,7.703289031982422,8.26771068572998,8.773482322692871,8.586169242858887,8.559724807739258
5,TAS-Female-Sentenced-ATSI,4.723144054412842,4.299348831176758,4.40172004699707,4.384154319763184,4.685671329498291,4.720751762390137,4.761847496032715,4.985118389129639,5.8425493240356445,6.192653656005859,6.0518670082092285,6.00731897354126,6.102313995361328,6.3488054275512695,6.413875102996826,6.902390003204346
5,TAS-Female-Sentenced-Non-ATSI,25.219629287719727,25.36292839050293,24.73493766784668,23.22321128845215,23.588062286376953,24.038307189941406,24.742982864379883,24.71587562561035,20.847265243530273,22.709205627441406,21.868549346923828,23.00749969482422,24.824174880981445,26.009872436523438,25.582406997680664,25.337406158447266
5,TAS-Male-Remanded-ATSI,15.76473331451416,16.98910140991211,17.20062255859375,17.158771514892578,16.710376739501953,17.459678649902344,18.71108627319336,19.39913558959961,15.042121887207031,14.907130241394043,15.335454940795898,14.735671997070312,16.035358428955078,15.820632934570312,15.53433895111084,16.2512264251709
5,TAS-Male-Remanded-Non-ATSI,94.87242889404297,102.41033935546875,103.59664916992188,101.3813247680664,101.62134552001953,99.5252685546875,106.51493835449219,106.52055358886719,85.19673156738281,90.25232696533203,92.5845718383789,93.36185455322266,91.9736099243164,99.09187316894531,102.90316009521484,96.51677703857422
5,TAS-Male-Sentenced-ATSI,41.18816375732422,45.32952880859375,46.08775329589844,46.16172409057617,46.13853454589844,47.18782043457031,48.90932846069336,50.18593215942383,49.69621276855469,52.915523529052734,52.73408126831055,50.18500900268555,49.40637969970703,50.82134246826172,50.302406311035156,49.66612243652344
5,TAS-Male-Sentenced-Non-ATSI,358.2376708984375,374.6382141113281,376.0943908691406,378.62860107421875,377.885498046875,387.8738708496094,396.612548828125,400.7294921875,353.0057067871094,354.7012023925781,362.9565124511719,367.5934753417969,376.0360412597656,373.1270751953125,372.2214660644531,368.2789306640625
5,VIC-Female-Remanded-ATSI,3.107374668121338,3.1548678874969482,3.6842989921569824,4.118895530700684,4.7414870262146,4.644613265991211,4.751649379730225,4.570117473602295,5.455621719360352,5.836945056915283,5.318387031555176,5.572070121765137,5.7009053230285645,6.056379318237305,6.355650424957275,5.982603073120117
5,VIC-Female-Remanded-Non-ATSI,46.70684051513672,50.00749969482422,51.16756820678711,50.278141021728516,54.243995666503906,54.7165412902832,54.779083251953125,55.21057891845703,59.2411994934082,60.747825622558594,61.40134811401367,61.71892547607422,60.8588752746582,60.830291748046875,64.11151885986328,64.11856842041016
5,VIC-Female-Sentenced-ATSI,11.205002784729004,12.285050392150879,12.606456756591797,12.232261657714844,12.337862014770508,12.59660530090332,13.269623756408691,13.443377494812012,11.293169021606445,12.706542015075684,12.720966339111328,12.865052223205566,13.28243637084961,13.72503662109375,14.254804611206055,14.432485580444336
5,VIC-Female-Sentenced-Non-ATSI,191.33152770996094,202.14540100097656,202.73345947265625,201.28765869140625,198.95106506347656,202.91171264648438,205.2144775390625,204.49900817871094,174.60507202148438,180.92344665527344,184.44186401367188,182.5829620361328,180.84596252441406,181.81539916992188,185.81455993652344,184.01658630371094
5,VIC-Male-Remanded-ATSI,47.3304443359375,50.717559814453125,49.68503189086914,49.25175857543945,49.009395599365234,50.85328674316406,51.70906448364258,50.51714324951172,48.73683547973633,49.55348587036133,50.211639404296875,50.160587310791016,51.8259391784668,53.36083221435547,54.26557922363281,53.87411880493164
5,VIC-Male-Remanded-Non-ATSI,656.7211303710938,674.622314453125,677.2571411132812,690.64013671875,674.9906005859375,676.7347412109375,684.184326171875,698.5427856445312,756.8112182617188,764.743896484375,776.2992553710938,774.5032958984375,778.672607421875,781.8692016601562,776.98876953125,770.9530639648438
5,VIC-Male-Sentenced-ATSI,165.15744018554688,170.3414306640625,169.41815185546875,170.27976989746094,170.47381591796875,174.77731323242188,170.78343200683594,178.91004943847656,182.73680114746094,187.0631103515625,189.59390258789062,188.34532165527344,190.3870086669922,191.35508728027344,195.24168395996094,194.1504364013672
5,VIC-Male-Sentenced-Non-ATSI,2884.28125,2952.158935546875,2932.05712890625,2961.49755859375,2883.108642578125,2909.439697265625,2971.70556640625,3026.49072265625,3111.062255859375,3165.240478515625,3180.762939453125,3163.094482421875,3173.696533203125,3149.9580078125,3156.22314453125,3144.790771484375
5,WA-Female-Remanded-ATSI,35.04121017456055,36.62923049926758,35.429534912109375,35.003055572509766,34.83951950073242,33.77719497680664,34.85215377807617,36.821510314941406,37.29907989501953,38.051212310791016,36.964752197265625,37.8350944519043,39.49819564819336,39.725830078125,39.667301177978516,38.53353500366211
5,WA-Female-Remanded-Non-ATSI,31.680204391479492,32.30129623413086,32.9183349609375,31.42987632751465,31.768083572387695,31.655353546142578,31.605276107788086,31.67417335510254,44.70856857299805,44.8213005065918,46.179630279541016,44.81632614135742,45.422183990478516,45.654258728027344,44.6836051940918,47.86128616333008
5,WA-Female-Sentenced-ATSI,113.02461242675781,116.79838562011719,118.94786071777344,116.95992279052734,118.0069580078125,118.93791961669922,120.85722351074219,124.16034698486328,109.04078674316406,113.06854248046875,119.57572937011719,118.03954315185547,116.1748275756836,117.747802734375,119.42251586914062,122.81453704833984
5,WA-Female-Sentenced-Non-ATSI,103.30500793457031,110.28873443603516,108.16346740722656,109.45991516113281,109.86341094970703,108.8387222290039,112.83363342285156,115.86392211914062,113.6816635131836,114.8631820678711,118.13292694091797,118.4747314453125,117.35772705078125,118.63517761230469,121.16539764404297,117.19324493408203
5,WA-Male-Remanded-ATSI,221.01986694335938,229.237548828125,223.164306640625,224.70230102539062,224.1962127685547,225.44512939453125,228.83047485351562,235.3335723876953,270.64483642578125,278.5433349609375,280.1373596191406,271.8932800292969,270.2608642578125,280.6275329589844,276.01751708984375,268.0823059082031
5,WA-Male-Remanded-Non-ATSI,353.00714111328125,365.630859375,373.1563415527344,368.6488037109375,369.2982482910156,375.17529296875,380.6589050292969,381.2370910644531,388.1770324707031,410.5749206542969,412.6548156738281,407.3370361328125,410.4880676269531,423.1471252441406,418.6008605957031,414.4596252441406
5,WA-Male-Sentenced-ATSI,1105.3077392578125,1138.647705078125,1135.0064697265625,1150.91796875,1142.728515625,1155.154541015625,1191.46142578125,1207.412109375,1253.8653564453125,1269.008544921875,1292.2467041015625,1297.52490234375,1282.7916259765625,1298.9627685546875,1294.8946533203125,1290.8165283203125
5,WA-Male-Sentenced-Non-ATSI,1664.3233642578125,1720.228515625,1717.6429443359375,1732.4559326171875,1715.103759765625,1737.1029052734375,1768.48681640625,1797.9375,1740.7474365234375,1774.2598876953125,1806.4967041015625,1805.490234375,1790.2000732421875,1797.908203125,1792.5478515625,1774.7244873046875
