Level,Description,1,2,3,4,5,6,7,8
1,Aggregated,29217.861328125,29679.939453125,29613.892578125,29662.1171875,29618.6484375,30279.00390625,30251.74609375,30223.17578125
2,ACT,286.5993957519531,300.15582275390625,304.6749572753906,310.2713317871094,329.062744140625,345.54248046875,361.0526428222656,374.6799011230469
2,NSW,9537.69921875,9690.275390625,9568.0673828125,9498.3916015625,9400.1708984375,9538.30859375,9394.0,9278.595703125
2,NT,1458.455322265625,1526.972900390625,1544.978271484375,1578.9134521484375,1628.676513671875,1690.4169921875,1723.602294921875,1800.779541015625
2,QLD,5633.46728515625,5741.86328125,5709.00830078125,5740.9033203125,5694.2109375,5839.47998046875,5854.98974609375,5926.37109375
2,SA,2152.8720703125,2211.232666015625,2220.94677734375,2264.299560546875,2287.290283203125,2371.02783203125,2406.482177734375,2462.982421875
2,TAS,492.9140625,510.5999755859375,514.1104125976562,525.7662963867188,532.1155395507812,556.8109741210938,572.4031372070312,589.7415771484375
2,VIC,4934.4248046875,5044.61328125,5066.34912109375,5099.00927734375,5077.63427734375,5226.9609375,5247.1884765625,5331.83154296875
2,WA,4867.40185546875,4987.48095703125,4962.7783203125,4967.82470703125,4949.744140625,5090.35400390625,5135.54638671875,5179.498046875
3,ACT-Female,13.249735832214355,12.62093448638916,10.48102855682373,9.283823013305664,10.235479354858398,9.943387031555176,8.324849128723145,9.39323616027832
3,ACT-Male,258.3325500488281,266.1703796386719,266.3197937011719,269.3269348144531,272.37847900390625,285.6847839355469,289.2236022949219,285.2794494628906
3,NSW-Female,631.1939697265625,645.19140625,639.4119873046875,618.232666015625,612.3442993164062,630.0464477539062,638.0543823242188,635.2835083007812
3,NSW-Male,8944.7216796875,9011.255859375,8880.71875,8727.556640625,8653.3212890625,8722.4599609375,8616.8671875,8462.9765625
3,NT-Female,87.15850067138672,90.16462707519531,89.74603271484375,91.08553314208984,94.67779541015625,93.44154357910156,93.28988647460938,92.12648010253906
3,NT-Male,1350.0723876953125,1373.6612548828125,1369.391357421875,1379.8900146484375,1367.6312255859375,1396.040283203125,1401.607177734375,1388.5482177734375
3,QLD-Female,470.4275207519531,481.7567138671875,477.81671142578125,476.109619140625,467.0318908691406,483.5733642578125,482.5553894042969,480.8422546386719
3,QLD-Male,5183.35791015625,5235.37255859375,5189.67822265625,5106.365234375,5077.154296875,5115.96630859375,5030.4326171875,5003.65625
3,SA-Female,136.8651123046875,142.72927856445312,141.09535217285156,142.54322814941406,142.7178497314453,149.72117614746094,151.16546630859375,152.35592651367188
3,SA-Male,1981.3297119140625,2017.5216064453125,1986.6033935546875,1972.177490234375,1967.6912841796875,2002.303955078125,1988.70556640625,1970.632080078125
3,TAS-Female,46.488067626953125,46.45601272583008,47.263675689697266,46.276817321777344,46.53004837036133,47.46824645996094,46.770416259765625,43.531673431396484
3,TAS-Male,436.9033203125,449.54620361328125,450.90191650390625,459.8194274902344,454.24609375,464.5760192871094,464.3449401855469,454.2987365722656
3,VIC-Female,332.37249755859375,340.21612548828125,340.6932678222656,341.8602294921875,338.6407775878906,350.3168029785156,348.15142822265625,348.4773254394531
3,VIC-Male,4615.921875,4662.85205078125,4648.5068359375,4593.8408203125,4543.02099609375,4632.66015625,4571.35888671875,4555.02685546875
3,WA-Female,434.61676025390625,439.0759582519531,438.362060546875,434.6882019042969,432.55657958984375,445.5922546386719,448.60101318359375,450.9620056152344
3,WA-Male,4412.95556640625,4471.03955078125,4448.89794921875,4422.037109375,4359.00830078125,4445.77099609375,4356.30859375,4360.2763671875
4,ACT-Female-Remanded,4.010619163513184,3.966360092163086,2.896061897277832,3.5277485847473145,4.05143404006958,4.591000080108643,4.065573215484619,4.499899387359619
4,ACT-Female-Sentenced,10.858785629272461,10.66780948638916,10.112142562866211,10.139883041381836,10.480270385742188,9.039079666137695,9.469968795776367,9.927018165588379
4,ACT-Male-Remanded,88.99921417236328,93.32577514648438,92.9975814819336,91.08451843261719,92.32999420166016,99.21327209472656,98.26153564453125,96.07471466064453
4,ACT-Male-Sentenced,171.3723907470703,181.11993408203125,178.16732788085938,177.76449584960938,177.8824462890625,186.54469299316406,184.6828155517578,182.7678985595703
4,NSW-Female-Remanded,216.4698944091797,223.36351013183594,223.5367889404297,222.60888671875,227.05682373046875,232.31170654296875,235.26129150390625,235.52734375
4,NSW-Female-Sentenced,446.61883544921875,462.0488586425781,461.3118591308594,461.3099670410156,468.10443115234375,484.6827087402344,487.893798828125,493.75274658203125
4,NSW-Male-Remanded,2568.166748046875,2631.61474609375,2630.854248046875,2650.161376953125,2684.01513671875,2742.998291015625,2745.4599609375,2766.14794921875
4,NSW-Male-Sentenced,6567.81396484375,6695.6171875,6696.60400390625,6700.23876953125,6667.06689453125,6810.2822265625,6864.04150390625,6823.40625
4,NT-Female-Remanded,23.660442352294922,26.499347686767578,27.415264129638672,25.978609085083008,26.118749618530273,27.8110294342041,27.525182723999023,25.90496826171875
4,NT-Female-Sentenced,64.51085662841797,66.13470458984375,64.13116455078125,65.10367584228516,67.40943145751953,68.85530853271484,66.92269897460938,68.72466278076172
4,NT-Male-Remanded,294.8573913574219,308.5526123046875,304.7480773925781,300.7170715332031,304.142333984375,319.6186218261719,325.3562316894531,322.1922912597656
4,NT-Male-Sentenced,1080.3631591796875,1105.76513671875,1099.48486328125,1110.889892578125,1115.14111328125,1127.91064453125,1134.4945068359375,1140.85107421875
4,QLD-Female-Remanded,104.82060241699219,110.16255950927734,112.0718765258789,111.52110290527344,112.27774047851562,114.14518737792969,114.40770721435547,115.0009765625
4,QLD-Female-Sentenced,372.8301086425781,389.8222961425781,389.8777160644531,386.5283508300781,391.58740234375,408.9280700683594,419.559814453125,419.79962158203125
4,QLD-Male-Remanded,1116.6112060546875,1155.536865234375,1171.054931640625,1175.001708984375,1178.543212890625,1221.7357177734375,1236.59033203125,1249.33837890625
4,QLD-Male-Sentenced,4185.75830078125,4249.0751953125,4244.7421875,4270.13720703125,4242.54541015625,4307.873046875,4335.43310546875,4358.3154296875
4,SA-Female-Remanded,51.44757843017578,53.58197784423828,54.557621002197266,52.30074691772461,53.80279541015625,56.67201614379883,57.269020080566406,55.234519958496094
4,SA-Female-Sentenced,83.7554931640625,87.0085678100586,88.3646469116211,88.12828063964844,85.17652893066406,89.03974151611328,91.51073455810547,89.91065979003906
4,SA-Male-Remanded,652.478759765625,666.6539306640625,654.0797729492188,663.7391967773438,674.8914184570312,689.9423217773438,691.2924194335938,698.5317993164062
4,SA-Male-Sentenced,1402.29296875,1442.940673828125,1458.1512451171875,1449.3543701171875,1484.2894287109375,1525.9735107421875,1531.213623046875,1526.49365234375
4,TAS-Female-Remanded,8.298494338989258,7.9564595222473145,7.248257160186768,7.231338977813721,7.9139790534973145,8.531535148620605,8.168072700500488,7.77262544631958
4,TAS-Female-Sentenced,40.39717102050781,41.071189880371094,41.03329086303711,41.9248046875,41.20333480834961,42.51312255859375,43.87948989868164,42.46562194824219
4,TAS-Male-Remanded,92.78618621826172,96.63329315185547,93.88516235351562,94.83077239990234,97.67815399169922,102.4789810180664,99.80829620361328,99.60767364501953
4,TAS-Male-Sentenced,361.0885314941406,383.7868347167969,386.0286560058594,381.2505187988281,388.6714782714844,408.8626708984375,411.9587097167969,407.074462890625
4,VIC-Female-Remanded,96.00235748291016,96.2242431640625,95.42150115966797,96.65399169921875,98.33915710449219,101.59712219238281,101.71858215332031,101.73171997070312
4,VIC-Female-Sentenced,246.1372528076172,254.07852172851562,257.0746765136719,253.97779846191406,256.101318359375,266.6517028808594,274.00347900390625,272.24981689453125
4,VIC-Male-Remanded,901.079345703125,940.984130859375,948.1889038085938,941.4417114257812,948.851806640625,995.38330078125,1004.8599853515625,984.6126708984375
4,VIC-Male-Sentenced,3774.518798828125,3871.74853515625,3893.314208984375,3926.5146484375,3884.549560546875,3956.745849609375,3962.480712890625,4002.99853515625
4,WA-Female-Remanded,98.08929443359375,100.9483642578125,99.67425537109375,102.23429107666016,105.917236328125,107.95848083496094,108.57647705078125,107.42950439453125
4,WA-Female-Sentenced,339.54522705078125,349.3008117675781,354.9674072265625,352.08441162109375,358.83038330078125,372.87493896484375,372.2846374511719,374.1040954589844
4,WA-Male-Remanded,893.0533447265625,921.4174194335938,921.6311645507812,924.510986328125,943.651123046875,967.6900634765625,977.0203857421875,973.1715698242188
4,WA-Male-Sentenced,3622.064697265625,3736.20068359375,3752.803955078125,3781.669189453125,3782.03955078125,3894.1611328125,3868.7158203125,3900.903076171875
5,ACT-Female-Remanded-ATSI,0.8819801807403564,1.097206711769104,0.9164100885391235,1.0544973611831665,1.2416611909866333,1.0949677228927612,1.3368583917617798,1.2656042575836182
5,ACT-Female-Remanded-Non-ATSI,3.2489101886749268,3.8175952434539795,3.6161739826202393,3.6325912475585938,3.8051202297210693,4.092706203460693,4.3461103439331055,3.8523995876312256
5,ACT-Female-Sentenced-ATSI,1.7732996940612793,2.028247833251953,2.132136821746826,1.475603461265564,1.5521215200424194,1.7102292776107788,1.8543621301651,1.8911006450653076
5,ACT-Female-Sentenced-Non-ATSI,8.679864883422852,9.469470024108887,8.614189147949219,8.055384635925293,8.18250846862793,7.959634780883789,8.057348251342773,8.905752182006836
5,ACT-Male-Remanded-ATSI,17.44407844543457,18.256677627563477,17.27821159362793,16.015567779541016,16.278615951538086,17.391462326049805,17.15044403076172,15.675230979919434
5,ACT-Male-Remanded-Non-ATSI,73.53456115722656,74.74971771240234,71.90119934082031,68.50357818603516,70.18769836425781,74.23963928222656,70.39295959472656,68.8406753540039
5,ACT-Male-Sentenced-ATSI,29.167129516601562,28.285417556762695,25.975391387939453,24.912944793701172,24.904890060424805,24.344640731811523,23.548439025878906,23.029258728027344
5,ACT-Male-Sentenced-Non-ATSI,140.67401123046875,146.46865844726562,142.1856689453125,141.01951599121094,142.0776824951172,143.06773376464844,139.32119750976562,139.38076782226562
5,NSW-Female-Remanded-ATSI,78.91229248046875,77.98060607910156,77.65861511230469,73.59039306640625,76.6523208618164,79.21257019042969,78.68326568603516,75.73531341552734
5,NSW-Female-Remanded-Non-ATSI,141.27792358398438,146.6752471923828,145.3402099609375,138.9452362060547,144.45388793945312,151.23550415039062,147.09930419921875,145.42628479003906
5,NSW-Female-Sentenced-ATSI,129.44598388671875,130.24371337890625,129.19924926757812,130.26980590820312,129.29238891601562,138.52261352539062,134.1366424560547,131.62396240234375
5,NSW-Female-Sentenced-Non-ATSI,309.9148864746094,323.4242858886719,328.578369140625,325.9568786621094,318.0885009765625,333.5459289550781,333.9166564941406,327.0461730957031
5,NSW-Male-Remanded-ATSI,518.6719970703125,521.7122802734375,525.9654541015625,537.6031494140625,525.529541015625,536.15771484375,531.7885131835938,539.6688842773438
5,NSW-Male-Remanded-Non-ATSI,2002.0035400390625,2042.8330078125,2038.046875,2052.6005859375,2023.16162109375,2064.298583984375,2044.5697021484375,2049.395263671875
5,NSW-Male-Sentenced-ATSI,1469.426025390625,1515.396484375,1546.862060546875,1538.6669921875,1524.171875,1557.0166015625,1568.6524658203125,1580.2203369140625
5,NSW-Male-Sentenced-Non-ATSI,5031.98828125,5134.4482421875,5159.1259765625,5164.69921875,5065.30224609375,5126.04296875,5148.38671875,5129.94873046875
5,NT-Female-Remanded-ATSI,20.344676971435547,21.398921966552734,21.02105140686035,19.38884162902832,19.208831787109375,19.89946937561035,20.42348289489746,19.580230712890625
5,NT-Female-Remanded-Non-ATSI,3.069847583770752,3.083078622817993,2.963334560394287,2.885282039642334,2.6836512088775635,3.091780185699463,3.2296128273010254,3.538231611251831
5,NT-Female-Sentenced-ATSI,54.420780181884766,52.291725158691406,51.238460540771484,49.41472244262695,47.95836639404297,48.18251037597656,48.82764434814453,47.779930114746094
5,NT-Female-Sentenced-Non-ATSI,8.752010345458984,8.93412971496582,9.194334983825684,8.93520450592041,8.615485191345215,8.913654327392578,9.179634094238281,9.08621883392334
5,NT-Male-Remanded-ATSI,249.02871704101562,259.9139404296875,257.8089904785156,251.2084503173828,250.75155639648438,261.7120056152344,255.60719299316406,249.55526733398438
5,NT-Male-Remanded-Non-ATSI,43.3800163269043,46.17003631591797,48.007591247558594,46.520301818847656,46.283729553222656,46.86278533935547,46.36370849609375,46.6334114074707
5,NT-Male-Sentenced-ATSI,884.0069580078125,890.5877075195312,890.1744384765625,888.666015625,869.7462768554688,883.7901611328125,865.5156860351562,870.26171875
5,NT-Male-Sentenced-Non-ATSI,181.2715301513672,187.04823303222656,186.77784729003906,182.13063049316406,182.311767578125,185.61305236816406,185.2317352294922,182.69937133789062
5,QLD-Female-Remanded-ATSI,39.90160369873047,40.680763244628906,40.00352478027344,38.57224655151367,38.4770393371582,39.636417388916016,39.3891487121582,38.905033111572266
5,QLD-Female-Remanded-Non-ATSI,65.12136840820312,64.98870849609375,63.5920524597168,62.57027816772461,64.21747589111328,67.01732635498047,66.26263427734375,62.08315658569336
5,QLD-Female-Sentenced-ATSI,122.74386596679688,128.40321350097656,125.62120819091797,122.84335327148438,122.49901580810547,127.10163879394531,126.82046508789062,122.39813995361328
5,QLD-Female-Sentenced-Non-ATSI,253.7315673828125,259.1289367675781,257.46533203125,253.94187927246094,255.24559020996094,257.7894592285156,258.1694030761719,251.79200744628906
5,QLD-Male-Remanded-ATSI,309.1766662597656,315.4394836425781,317.4283447265625,322.8534851074219,322.1357421875,331.4459533691406,329.5918884277344,322.99859619140625
5,QLD-Male-Remanded-Non-ATSI,802.8677978515625,826.4105834960938,824.4337768554688,836.4932250976562,827.7559814453125,851.97802734375,842.283447265625,836.5829467773438
5,QLD-Male-Sentenced-ATSI,1274.2921142578125,1285.5401611328125,1279.2452392578125,1305.8660888671875,1292.42822265625,1314.6676025390625,1325.7845458984375,1308.0146484375
5,QLD-Male-Sentenced-Non-ATSI,2850.34716796875,2924.257080078125,2921.996826171875,2935.63037109375,2895.930419921875,2931.677001953125,2924.034423828125,2914.271728515625
5,SA-Female-Remanded-ATSI,21.534042358398438,21.697925567626953,21.116979598999023,20.13240623474121,21.433963775634766,22.483062744140625,21.61536407470703,20.59683609008789
5,SA-Female-Remanded-Non-ATSI,32.40665817260742,33.21031188964844,33.871158599853516,34.65564727783203,34.384986877441406,33.80366134643555,34.38442611694336,32.2424201965332
5,SA-Female-Sentenced-ATSI,24.368621826171875,24.35774803161621,24.586925506591797,24.672990798950195,25.546140670776367,26.524539947509766,25.527753829956055,26.10758399963379
5,SA-Female-Sentenced-Non-ATSI,61.21537780761719,62.98476791381836,63.974952697753906,60.102874755859375,60.473812103271484,61.77787780761719,61.800437927246094,61.6045036315918
5,SA-Male-Remanded-ATSI,174.17483520507812,174.29757690429688,175.58140563964844,177.1748046875,179.38523864746094,182.67172241210938,178.33648681640625,177.0449981689453
5,SA-Male-Remanded-Non-ATSI,480.3554992675781,483.46051025390625,483.2492980957031,487.213623046875,484.1950988769531,484.3433837890625,492.9109191894531,499.28118896484375
5,SA-Male-Sentenced-ATSI,278.6961975097656,285.4913024902344,282.9305419921875,281.83642578125,285.05047607421875,289.213623046875,286.28582763671875,288.8431701660156
5,SA-Male-Sentenced-Non-ATSI,1108.3074951171875,1127.7952880859375,1128.3194580078125,1126.7734375,1113.9296875,1133.0576171875,1124.98583984375,1124.656005859375
5,TAS-Female-Remanded-ATSI,2.397728681564331,2.7515242099761963,2.5509445667266846,2.375370979309082,2.6802239418029785,2.830808401107788,2.795607328414917,2.868884563446045
5,TAS-Female-Remanded-Non-ATSI,5.3890299797058105,5.825112819671631,4.934018611907959,5.6768798828125,5.849421977996826,6.4507575035095215,6.2640204429626465,5.531105995178223
5,TAS-Female-Sentenced-ATSI,11.31262493133545,10.734735488891602,11.295079231262207,10.636490821838379,10.243617057800293,10.33989143371582,10.428984642028809,10.64427661895752
5,TAS-Female-Sentenced-Non-ATSI,28.43318748474121,28.327760696411133,27.92508316040039,27.096355438232422,27.339717864990234,28.127403259277344,27.333284378051758,27.216341018676758
5,TAS-Male-Remanded-ATSI,13.580022811889648,13.207901000976562,13.346054077148438,14.589509010314941,14.705366134643555,14.28812313079834,13.789984703063965,14.282806396484375
5,TAS-Male-Remanded-Non-ATSI,76.00545501708984,78.22459411621094,74.91434478759766,73.31839752197266,78.71566009521484,80.94039916992188,78.72799682617188,73.33000183105469
5,TAS-Male-Sentenced-ATSI,52.38056564331055,51.57665252685547,50.40134048461914,47.96171569824219,52.626277923583984,54.66720199584961,53.38360595703125,50.97596740722656
5,TAS-Male-Sentenced-Non-ATSI,310.43304443359375,322.18115234375,322.4158630371094,319.5150451660156,324.2984924316406,326.8022155761719,330.1922912597656,333.9393005371094
5,VIC-Female-Remanded-ATSI,10.246024131774902,10.011550903320312,9.4076566696167,8.925567626953125,9.942874908447266,9.6491117477417,10.354655265808105,10.301300048828125
5,VIC-Female-Remanded-Non-ATSI,82.39549255371094,81.74219512939453,81.2091064453125,78.69036865234375,79.29328918457031,79.16436767578125,76.71227264404297,77.1713638305664
5,VIC-Female-Sentenced-ATSI,22.757863998413086,22.326513290405273,22.03354835510254,21.3997802734375,21.05048179626465,21.66526222229004,20.837827682495117,21.39665985107422
5,VIC-Female-Sentenced-Non-ATSI,221.30303955078125,230.20428466796875,232.7360076904297,228.19955444335938,226.0354766845703,234.9973602294922,237.44070434570312,231.5405731201172
5,VIC-Male-Remanded-ATSI,59.42427444458008,61.591331481933594,58.642574310302734,57.568359375,58.614044189453125,61.128414154052734,59.4102897644043,58.24854278564453
5,VIC-Male-Remanded-Non-ATSI,842.7647094726562,864.1818237304688,865.2648315429688,872.4998168945312,863.7599487304688,892.5306396484375,886.0963134765625,886.964599609375
5,VIC-Male-Sentenced-ATSI,264.83465576171875,265.6626281738281,266.8312072753906,261.2653503417969,254.5757293701172,264.13299560546875,261.53729248046875,255.70762634277344
5,VIC-Male-Sentenced-Non-ATSI,3490.267822265625,3510.724853515625,3494.073974609375,3516.221435546875,3451.523193359375,3475.876220703125,3462.227294921875,3446.86669921875
5,WA-Female-Remanded-ATSI,55.65266799926758,53.91714096069336,51.85507583618164,51.6129150390625,53.39763641357422,51.39805603027344,51.70419692993164,51.018306732177734
5,WA-Female-Remanded-Non-ATSI,42.838836669921875,41.30709457397461,40.08821105957031,39.49565505981445,38.88656997680664,39.7740364074707,38.59370803833008,37.97561264038086
5,WA-Female-Sentenced-ATSI,153.81198120117188,159.88291931152344,156.64710998535156,156.078369140625,155.26458740234375,157.84854125976562,157.42129516601562,150.93165588378906
5,WA-Female-Sentenced-Non-ATSI,184.43478393554688,189.44366455078125,187.43646240234375,183.7629852294922,185.38925170898438,187.57113647460938,190.83392333984375,187.35513305664062
5,WA-Male-Remanded-ATSI,372.86114501953125,380.3262634277344,377.1097717285156,371.8178405761719,379.8485412597656,387.3013916015625,388.3122253417969,382.9330139160156
5,WA-Male-Remanded-Non-ATSI,508.2061767578125,518.8297119140625,519.123291015625,515.225830078125,516.4535522460938,524.1643676757812,518.8704223632812,517.0230102539062
5,WA-Male-Sentenced-ATSI,1394.149658203125,1425.4312744140625,1420.541259765625,1435.498291015625,1424.0543212890625,1447.282958984375,1425.84814453125,1428.5350341796875
5,WA-Male-Sentenced-Non-ATSI,2219.436767578125,2286.477783203125,2291.306640625,2292.846923828125,2286.33447265625,2324.253173828125,2311.36181640625,2311.54443359375
