Level,Description,1,2,3,4,5,6,7,8,9,10,11,12
1,Aggregated,39139.421875,15536.8505859375,18944.12109375,22145.751953125,17815.3515625,18289.884765625,22099.751953125,18771.744140625,21536.48828125,22656.490234375,18567.44921875,18664.216796875
2,NSW,14756.21875,5411.59326171875,6206.4658203125,7882.64306640625,5332.9462890625,5555.3896484375,6677.32666015625,5516.86669921875,5807.5439453125,7684.74365234375,6075.25341796875,6436.37890625
2,NT,261.76324462890625,207.0757598876953,253.83837890625,366.8013000488281,566.7324829101562,805.7493286132812,963.9091186523438,919.7554321289062,718.4398193359375,555.1630249023438,356.73272705078125,200.54696655273438
2,QLD,8459.0126953125,3998.06396484375,4703.1953125,5769.58154296875,4944.375,5638.73291015625,6613.13916015625,6175.00537109375,6576.21630859375,6353.791015625,4940.77197265625,4998.89208984375
2,SA,2820.779541015625,1236.92431640625,1683.6048583984375,1580.922607421875,1181.76416015625,1264.819580078125,1468.798095703125,1163.0284423828125,1338.3096923828125,1668.69482421875,1444.3511962890625,1367.829833984375
2,TAS,1440.5908203125,911.3213500976562,1203.3804931640625,948.4307861328125,603.0516357421875,579.8198852539062,529.0186157226562,325.47503662109375,465.8826904296875,581.0543212890625,613.0587768554688,718.2301025390625
2,VIC,8458.1845703125,3218.30712890625,3763.87255859375,4701.32275390625,3202.846923828125,3311.962890625,3895.755859375,3411.101806640625,3480.28271484375,4384.29931640625,3602.088134765625,3904.684326171875
2,WA,3374.85693359375,1494.840576171875,2121.78173828125,2202.47265625,1802.7843017578125,2118.758544921875,2253.658935546875,1935.004638671875,2300.4248046875,2371.9560546875,1864.3165283203125,1920.3665771484375
3,NSW-Blue Mountains,120.14830780029297,73.76103210449219,108.23240661621094,112.61560821533203,125.89470672607422,134.41966247558594,145.27194213867188,114.69601440429688,109.75010681152344,121.85183715820312,97.65396118164062,73.97747039794922
3,NSW-Canberra,569.3953857421875,296.2216796875,416.79071044921875,434.4971923828125,358.0987243652344,359.5364074707031,440.638427734375,361.89337158203125,385.47430419921875,421.55535888671875,346.1571044921875,329.19879150390625
3,NSW-Capital Country,232.9970703125,113.83289337158203,140.1651153564453,163.16294860839844,146.12503051757812,156.60641479492188,167.5820770263672,153.06759643554688,182.0225372314453,188.64320373535156,199.15139770507812,170.2134246826172
3,NSW-Central Coast,816.6505737304688,230.5611114501953,270.31097412109375,282.6605529785156,164.8040008544922,167.17604064941406,195.36807250976562,160.24868774414062,213.26641845703125,272.4974365234375,246.12240600585938,315.6776123046875
3,NSW-Central NSW,560.7471923828125,231.66224670410156,297.18780517578125,376.5832824707031,326.6630859375,331.86187744140625,397.4020690917969,310.866943359375,366.27783203125,428.537841796875,322.3164367675781,294.3830261230469
3,NSW-Hunter,1271.1014404296875,526.570068359375,643.1364135742188,670.5784912109375,510.9358825683594,490.8955078125,543.7291259765625,470.14227294921875,540.0775146484375,670.9657592773438,600.702392578125,612.7464599609375
3,NSW-New England North West,628.6100463867188,224.81065368652344,273.04046630859375,339.3028259277344,254.2169952392578,275.9995422363281,281.85260009765625,234.19921875,279.3661804199219,322.7703857421875,253.15394592285156,265.8734130859375
3,NSW-North Coast NSW,3716.669189453125,1008.5415649414062,1233.9791259765625,1488.093017578125,827.7182006835938,838.063720703125,1128.7562255859375,862.0358276367188,1025.64697265625,1503.5228271484375,1247.5399169921875,1321.767822265625
3,NSW-Outback NSW,105.94588470458984,46.933738708496094,64.4243392944336,93.73417663574219,100.94283294677734,127.37179565429688,157.82113647460938,124.86202239990234,114.15399169921875,119.79046630859375,67.37353515625,68.47920989990234
3,NSW-Riverina,188.03697204589844,103.216064453125,122.15721130371094,167.2179718017578,131.64288330078125,133.3721160888672,166.59951782226562,123.09935760498047,156.43394470214844,178.50128173828125,131.9838104248047,116.02464294433594
3,NSW-Snowy Mountains,232.63156127929688,69.89515686035156,101.96969604492188,144.25515747070312,123.42958068847656,158.0086669921875,309.8516845703125,338.8837890625,208.37388610839844,133.73216247558594,92.67343139648438,91.71852111816406
3,NSW-South Coast,2890.628173828125,689.417236328125,893.36572265625,1135.352294921875,471.64337158203125,504.206787109375,595.8729858398438,417.0953369140625,525.7879028320312,771.751220703125,672.0669555664062,873.7149658203125
3,NSW-Sydney,2915.96044921875,1263.479248046875,1424.49609375,1683.4967041015625,1360.604736328125,1428.3790283203125,1667.134033203125,1369.3433837890625,1458.625244140625,1678.172607421875,1509.099853515625,1514.2926025390625
3,NSW-The Murray,422.7516784667969,183.636962890625,214.84820556640625,267.1025085449219,181.41403198242188,183.47842407226562,169.1988067626953,143.15695190429688,185.11940002441406,203.6082000732422,193.17547607421875,209.21568298339844
3,NT-Alice Springs,40.21998977661133,26.732927322387695,38.561302185058594,42.903602600097656,62.75959777832031,100.40602111816406,139.85707092285156,131.7766876220703,129.0820770263672,98.01358032226562,66.96141052246094,36.369537353515625
3,NT-Barkly,4.124885082244873,1.417739987373352,3.911939859390259,5.942752361297607,8.726028442382812,12.745296478271484,19.18889617919922,16.818178176879883,8.150606155395508,4.777836799621582,3.212076187133789,2.720198392868042
3,NT-Darwin,150.56692504882812,119.15164947509766,135.49386596679688,202.79205322265625,307.9657287597656,386.0264587402344,392.09228515625,452.20379638671875,329.8366394042969,214.71389770507812,160.71676635742188,129.1222686767578
3,NT-Katherine Daly,20.775718688964844,12.555655479431152,24.816932678222656,32.579925537109375,58.752723693847656,64.1976547241211,94.00546264648438,83.72891235351562,69.265869140625,36.113670349121094,21.937698364257812,10.931453704833984
3,NT-Lasseter,15.084442138671875,11.7015962600708,14.3181734085083,23.927947998046875,33.73870086669922,47.02187728881836,72.66044616699219,51.879791259765625,49.116233825683594,30.27593231201172,25.82317543029785,16.45901107788086
3,NT-Litchfield Kakadu Arnhem,18.875558853149414,16.646486282348633,27.830007553100586,35.66238784790039,38.82264709472656,66.69065856933594,95.86375427246094,84.08153533935547,73.04244995117188,56.40199279785156,31.84282875061035,18.00386619567871
3,NT-MacDonnell,6.372672080993652,4.056529521942139,4.168035984039307,7.3079514503479,12.234659194946289,15.04174518585205,18.935068130493164,20.21563720703125,18.15479278564453,18.449703216552734,13.967690467834473,7.004988193511963
3,QLD-Brisbane,1986.2994384765625,848.7172241210938,1052.69921875,1209.40673828125,937.1055297851562,1111.23828125,1328.5301513671875,1110.20166015625,1255.3682861328125,1356.290771484375,1084.2965087890625,1204.2215576171875
3,QLD-Bundaberg,229.3620147705078,101.5420150756836,115.64307403564453,133.79208374023438,114.61575317382812,135.56214904785156,149.08143615722656,134.36050415039062,138.63677978515625,176.26934814453125,138.19053649902344,145.32496643066406
3,QLD-Capricorn,258.3136291503906,136.3509063720703,157.8212890625,187.44418334960938,194.58546447753906,224.73126220703125,268.0193176269531,249.45791625976562,301.88104248046875,259.3161315917969,187.3782958984375,160.6768798828125
3,QLD-Fraser Coast,258.2369079589844,83.73812866210938,122.07069396972656,146.25222778320312,133.1929168701172,161.4403839111328,217.4774169921875,184.29324340820312,211.01991271972656,268.2630310058594,130.40597534179688,130.4973907470703
3,QLD-Gladstone,88.11608123779297,50.177574157714844,55.834259033203125,55.022125244140625,66.04425048828125,82.19430541992188,78.61383056640625,74.45665740966797,63.255733489990234,55.902976989746094,63.64620590209961,80.4605712890625
3,QLD-Gold Coast,1821.3868408203125,860.331787109375,956.0274047851562,1040.40673828125,887.9898071289062,955.7007446289062,1078.27490234375,1104.2899169921875,1113.71044921875,1184.7515869140625,1108.11328125,996.4107055664062
3,QLD-Mackay,198.6240234375,137.21372985839844,152.21112060546875,175.8856964111328,198.9145050048828,181.95135498046875,183.46694946289062,203.3279571533203,185.5903778076172,151.71951293945312,143.85861206054688,153.79647827148438
3,QLD-Outback Queensland,137.86166381835938,100.03291320800781,115.79306030273438,160.8513946533203,214.3481903076172,267.11907958984375,414.4759826660156,361.10601806640625,310.82147216796875,206.896728515625,149.21646118164062,119.73807525634766
3,QLD-Southern Queensland Country,449.5329895019531,274.834716796875,289.7958679199219,307.3317565917969,280.8317565917969,247.38658142089844,296.5425720214844,299.7746887207031,317.9219970703125,266.7976989746094,263.55706787109375,288.2365417480469
3,QLD-Sunshine Coast,1843.297119140625,643.10498046875,777.9380493164062,903.707275390625,624.1438598632812,667.7103881835938,935.8047485351562,815.5006713867188,946.5904541015625,1067.531494140625,842.137451171875,845.0741577148438
3,QLD-Townsville,233.957763671875,104.13972473144531,166.61863708496094,223.62557983398438,237.62986755371094,295.6967468261719,463.3365173339844,330.9501647949219,327.9605712890625,232.13851928710938,194.81349182128906,205.6021728515625
3,QLD-Tropical North Queensland,602.573486328125,287.068603515625,327.0155029296875,481.7718811035156,558.3914184570312,683.0570068359375,871.2517700195312,1108.969482421875,928.24951171875,754.9974365234375,546.3477172851562,405.63397216796875
3,QLD-Whitsundays,140.3774871826172,83.48274230957031,103.96156311035156,144.33311462402344,135.88845825195312,144.23947143554688,166.02723693847656,181.00575256347656,191.64822387695312,206.07418823242188,127.7595443725586,96.43757629394531
3,SA-Adelaide,1042.035400390625,511.1638488769531,597.9949951171875,594.8307495117188,495.2232666015625,506.1372375488281,590.6741333007812,537.865966796875,558.9901123046875,645.9154663085938,576.0435791015625,556.1024169921875
3,SA-Adelaide Hills,21.15746307373047,9.732863426208496,12.79238224029541,14.361885070800781,11.456746101379395,17.32879638671875,22.79279899597168,19.847026824951172,23.92506217956543,26.26698112487793,20.30989646911621,19.040969848632812
3,SA-Barossa,38.68841552734375,22.65251350402832,29.727487564086914,35.387481689453125,36.25457763671875,37.627899169921875,41.65046310424805,34.4095573425293,35.39780807495117,38.764705657958984,29.625402450561523,24.26618766784668
3,SA-Clare Valley,21.481399536132812,15.455822944641113,27.471784591674805,41.43640899658203,33.00800704956055,33.523399353027344,28.69995880126953,21.3980655670166,23.644176483154297,19.454755783081055,20.931581497192383,15.390534400939941
3,SA-Eyre Peninsula,255.95269775390625,97.81659698486328,134.7152099609375,148.43716430664062,114.50657653808594,101.89840698242188,103.26556396484375,75.01241302490234,96.68257141113281,131.65252685546875,112.7798843383789,97.2613296508789
3,SA-Fleurieu Peninsula,419.255126953125,98.5278549194336,142.6829071044922,137.553955078125,76.9392318725586,91.21736145019531,88.54277801513672,58.31107711791992,74.49652862548828,102.50814819335938,122.7866439819336,119.2442398071289
3,SA-Flinders Ranges and Outback,104.30594635009766,59.79554748535156,81.8541259765625,162.01197814941406,136.8569793701172,153.00897216796875,200.22596740722656,200.0122833251953,196.22775268554688,246.82655334472656,144.61557006835938,79.8938980102539
3,SA-Kangaroo Island,73.25613403320312,29.024248123168945,36.6187629699707,38.58096694946289,25.397550582885742,21.61727523803711,28.685762405395508,30.05806541442871,28.912616729736328,42.925315856933594,31.603069305419922,33.636680603027344
3,SA-Limestone Coast,288.72760009765625,75.58384704589844,123.06436920166016,115.84890747070312,69.44448852539062,80.59522247314453,76.31134033203125,56.28031921386719,78.25225830078125,94.4188232421875,98.86380767822266,113.07632446289062
3,"SA-Murray River, Lakes and Coorong",90.13819122314453,39.1724739074707,56.056461334228516,38.785675048828125,32.303070068359375,33.743255615234375,33.816429138183594,31.682348251342773,39.52461624145508,52.72190856933594,46.19237518310547,49.797828674316406
3,SA-Riverland,98.69805145263672,48.60224533081055,73.6947021484375,96.701904296875,63.213157653808594,69.7983169555664,62.827423095703125,56.06116485595703,57.42859649658203,60.58134841918945,51.163108825683594,55.93408966064453
3,SA-Yorke Peninsula,311.6044616699219,112.94730377197266,143.6479034423828,128.25587463378906,92.89076232910156,87.22087860107422,81.35527801513672,63.29724884033203,82.4958724975586,123.72488403320312,117.24625396728516,120.4117431640625
3,TAS-East Coast,229.05369567871094,83.18272399902344,114.10022735595703,70.18301391601562,37.02446746826172,39.06689453125,25.97293472290039,24.937902450561523,29.83912467956543,43.7838134765625,49.65703201293945,64.8206787109375
3,TAS-Hobart and the South,648.391845703125,316.7294616699219,359.2488098144531,369.28851318359375,260.1656494140625,233.5953369140625,258.33917236328125,230.7110595703125,261.3088684082031,300.9449768066406,298.1636657714844,323.08355712890625
3,TAS-Launceston and the North,298.1413879394531,167.32284545898438,240.7645263671875,190.31932067871094,128.714599609375,139.36756896972656,118.07201385498047,104.78917694091797,119.45069122314453,130.29832458496094,141.10205078125,154.6632080078125
3,TAS-North West,228.34812927246094,140.42921447753906,183.4697265625,159.29232788085938,107.2388916015625,93.8937759399414,67.56724548339844,58.771873474121094,70.80497741699219,80.10596466064453,90.82987976074219,104.94841003417969
3,TAS-West Coast,40.968589782714844,41.08197784423828,43.08500289916992,35.67298889160156,28.059465408325195,25.48217010498047,21.34623146057129,20.495473861694336,20.345815658569336,25.029685974121094,25.37590789794922,24.033239364624023
3,VIC-Ballarat,135.295654296875,51.811607360839844,105.6080551147461,95.20574188232422,76.44975280761719,86.0160903930664,85.63700866699219,74.79571533203125,81.36297607421875,74.41871643066406,64.91322326660156,59.8893928527832
3,VIC-Bendigo Loddon,179.45703125,117.35009765625,122.62226867675781,135.3560028076172,126.25208282470703,122.69579315185547,143.74636840820312,101.33778381347656,113.19886779785156,109.99832916259766,110.03498840332031,121.0577621459961
3,VIC-Central Highlands,67.78883361816406,39.622623443603516,47.97974395751953,49.41341781616211,48.83296203613281,43.53606033325195,55.37441635131836,45.52891159057617,53.481719970703125,49.30412292480469,50.17242431640625,42.50863265991211
3,VIC-Central Murray,322.1090393066406,135.1990509033203,162.9484405517578,198.13026428222656,128.4420166015625,128.36158752441406,139.85386657714844,112.68177795410156,116.2734603881836,142.23031616210938,136.21397399902344,137.40631103515625
3,VIC-Geelong and the Bellarine,626.1117553710938,160.67520141601562,185.20928955078125,172.6099090576172,115.97591400146484,121.78922271728516,141.62722778320312,116.51657104492188,133.38134765625,162.5113067626953,161.91966247558594,187.94677734375
3,VIC-Gippsland,500.15667724609375,146.46620178222656,196.97494506835938,226.8668212890625,149.1864013671875,136.50953674316406,147.50067138671875,113.58975219726562,135.4116973876953,166.4324493408203,191.40626525878906,197.66893005371094
3,VIC-Goulburn,120.03336334228516,65.85442352294922,85.94947052001953,95.88090515136719,69.93309783935547,82.12907409667969,77.45282745361328,59.24844741821289,77.63744354248047,75.48886108398438,77.5350341796875,93.21249389648438
3,VIC-Great Ocean Road,1298.7799072265625,327.9571228027344,411.8214111328125,387.64404296875,235.44076538085938,232.50144958496094,256.787109375,175.4816131591797,232.20034790039062,320.8151550292969,306.4651794433594,351.1803283691406
3,VIC-High Country,466.453125,130.76739501953125,198.9457244873047,281.85980224609375,223.4088592529297,243.21556091308594,340.1408386230469,292.2051086425781,250.24200439453125,224.3839874267578,183.66156005859375,198.83294677734375
3,VIC-Lakes,389.1993713378906,127.5835189819336,188.45265197753906,179.23313903808594,125.6746597290039,94.92849731445312,84.85505676269531,72.94343566894531,97.0634994506836,123.56108093261719,156.57713317871094,135.7736053466797
3,VIC-Macedon,65.98456573486328,21.446563720703125,31.3758487701416,32.67339324951172,30.413606643676758,32.773216247558594,33.72523880004883,28.53434181213379,29.2962646484375,28.69186782836914,25.9999942779541,29.6518497467041
3,VIC-Mallee,209.70555114746094,87.67797088623047,125.42350006103516,174.6638641357422,115.06452178955078,121.6322021484375,151.90390014648438,145.40206909179688,160.14430236816406,216.09353637695312,155.9014892578125,99.41747283935547
3,VIC-Melbourne,2084.611328125,1186.0380859375,1204.013671875,1440.8839111328125,1277.3780517578125,1299.7137451171875,1563.191162109375,1501.216796875,1520.5523681640625,1635.3548583984375,1586.3011474609375,1421.7764892578125
3,VIC-Melbourne East,117.79068756103516,70.57853698730469,76.8684310913086,81.6124267578125,79.8058090209961,87.61474609375,66.55979919433594,59.01960754394531,61.85537338256836,71.66744232177734,77.59542846679688,78.29371643066406
3,VIC-Murray East,31.04889678955078,18.153236389160156,21.614999771118164,18.583263397216797,16.58574676513672,17.011859893798828,20.2640380859375,15.652849197387695,15.559391975402832,17.812450408935547,22.295822143554688,19.46364974975586
3,VIC-Peninsula,1003.1294555664062,218.87391662597656,302.487548828125,307.16845703125,119.37351989746094,133.63882446289062,168.97169494628906,116.92605590820312,136.9997100830078,222.8633575439453,211.94631958007812,238.2589569091797
3,VIC-Phillip Island,631.2786865234375,117.49048614501953,185.48385620117188,141.1485137939453,66.08824157714844,78.3910140991211,82.69830322265625,63.92829132080078,105.71273803710938,145.17637634277344,148.3604736328125,150.8563690185547
3,VIC-Spa Country,45.32851028442383,27.342559814453125,50.37504577636719,53.440425872802734,42.55912399291992,52.86406326293945,46.43088150024414,36.87061309814453,29.35055160522461,23.229286193847656,27.338163375854492,25.787189483642578
3,VIC-Upper Yarra,55.99555969238281,26.50838279724121,38.00861740112305,40.19884490966797,26.3587703704834,27.40142822265625,28.141639709472656,24.646652221679688,31.5048770904541,30.239492416381836,30.312976837158203,27.344444274902344
3,VIC-Western Grampians,58.180137634277344,31.999025344848633,36.901859283447266,49.258941650390625,40.03476333618164,42.26918029785156,54.03324890136719,38.080570220947266,37.073631286621094,40.932891845703125,40.77358627319336,40.12177658081055
3,VIC-Wimmera,15.554851531982422,10.914384841918945,14.299653053283691,13.920833587646484,12.781872749328613,12.341888427734375,14.342672348022461,13.635605812072754,17.801977157592773,27.73059844970703,13.457779884338379,12.33224105834961
3,WA-Australia's Coral Coast,269.29119873046875,113.45685577392578,167.377197265625,254.19410705566406,221.99746704101562,263.99847412109375,366.20758056640625,367.1217956542969,365.61376953125,230.69363403320312,178.5426788330078,150.4898681640625
3,WA-Australia's Golden Outback,315.3496398925781,132.16781616210938,166.9469757080078,191.902587890625,152.59335327148438,174.2755584716797,209.1168670654297,187.83949279785156,220.3806915283203,228.49966430664062,196.93064880371094,162.16363525390625
3,WA-Australia's North West,167.01162719726562,119.08089447021484,164.9165802001953,201.9356231689453,227.01495361328125,352.9891052246094,467.18719482421875,496.4383850097656,404.6204833984375,250.47225952148438,157.12356567382812,127.81900787353516
3,WA-Australia's South West,1102.73486328125,437.21319580078125,607.8364868164062,580.3312377929688,347.2965393066406,383.1739501953125,380.1732482910156,289.4936828613281,339.35211181640625,430.58404541015625,398.2555236816406,440.43548583984375
3,WA-Destination Perth,1425.5640869140625,624.3862915039062,740.9690551757812,868.0567626953125,679.98876953125,803.836669921875,775.4794921875,699.760986328125,817.1743774414062,924.476318359375,747.6763305664062,740.9360961914062
